2010																																																				
TARIFB																																																				
10323M	77,76	77,76	77,76	77,76	77,76	191,52	191,52	191,52	191,52	146,88	146,88	146,88	146,88	156,96	156,96	156,96	156,96	146,88	146,88	146,88	146,88	146,88	136,8	136,8	136,8	136,8	146,88	146,88	146,88	146,88	146,88	82,08	82,08	82,08	82,08	86,4	86,4	86,4	86,4	161,28	161,28	161,28	161,28	161,28	167,04	167,04	167,04	167,04	231,84	231,84	231,84	231,84
10323P	0	0	0	0	0	0	0	0	0	0	0	0	0	0	0	0	0	0	0	0	0	0	0	0	0	0	0	0	0	0	0	0	0	0	0	0	0	0	0	0	0	0	0	0	0	0	0	0	0	0	0	0
01034M	67,392	67,392	67,392	67,392	67,392	165,984	165,984	165,984	165,984	127,296	127,296	127,296	127,296	136,032	136,032	136,032	136,032	127,296	127,296	127,296	127,296	127,296	118,56	118,56	118,56	118,56	127,296	127,296	127,296	127,296	127,296	71,136	71,136	71,136	71,136	74,88	74,88	74,88	74,88	139,776	139,776	139,776	139,776	139,776	144,768	144,768	144,768	144,768	200,928	200,928	200,928	200,928
01034P	0	0	0	0	0	0	0	0	0	0	0	0	0	0	0	0	0	0	0	0	0	0	0	0	0	0	0	0	0	0	0	0	0	0	0	0	0	0	0	0	0	0	0	0	0	0	0	0	0	0	0	0
10387A	0	0	0	0	0	0	0	0	0	0	0	0	0	0	0	0	0	0	0	0	0	0	0	0	0	0	0	0	0	0	0	0	0	0	0	0	0	0	0	0	0	0	0	0	0	0	0	0	0	0	0	0
10387P	0	0	0	0	0	0	0	0	0	0	0	0	0	0	0	0	0	0	0	0	0	0	0	0	0	0	0	0	0	0	0	0	0	0	0	0	0	0	0	0	0	0	0	0	0	0	0	0	0	0	0	0
01053M	509,1984	509,1984	509,1984	509,1984	509,1984	1254,1368	1254,1368	1254,1368	1254,1368	961,8192	961,8192	961,8192	961,8192	1027,8264	1027,8264	1027,8264	1027,8264	961,8192	961,8192	961,8192	961,8192	961,8192	895,812	895,812	895,812	895,812	961,8192	961,8192	961,8192	961,8192	961,8192	537,4872	537,4872	537,4872	537,4872	565,776	565,776	565,776	565,776	1056,1152	1056,1152	1056,1152	1056,1152	1056,1152	1093,8336	1093,8336	1093,8336	1093,8336	1518,1656	1518,1656	1518,1656	1518,1656
01053P	0	0	0	0	0	0	0	0	0	0	0	0	0	0	0	0	0	0	0	0	0	0	0	0	0	0	0	0	0	0	0	0	0	0	0	0	0	0	0	0	0	0	0	0	0	0	0	0	0	0	0	0
11069M	449,6472	449,6472	449,6472	449,6472	449,6472	1107,4644	1107,4644	1107,4644	1107,4644	849,3336	849,3336	849,3336	849,3336	907,6212	907,6212	907,6212	907,6212	849,3336	849,3336	849,3336	849,3336	849,3336	791,046	791,046	791,046	791,046	849,3336	849,3336	849,3336	849,3336	849,3336	474,6276	474,6276	474,6276	474,6276	499,608	499,608	499,608	499,608	932,6016	932,6016	932,6016	932,6016	932,6016	965,9088	965,9088	965,9088	965,9088	1340,6148	1340,6148	1340,6148	1340,6148
11069P	0	0	0	0	0	0	0	0	0	0	0	0	0	0	0	0	0	0	0	0	0	0	0	0	0	0	0	0	0	0	0	0	0	0	0	0	0	0	0	0	0	0	0	0	0	0	0	0	0	0	0	0
11262A	0	0	0	0	0	0	0	0	0	0	0	0	0	0	0	0	0	0	0	0	0	0	0	0	0	0	0	0	0	0	0	0	0	0	0	0	0	0	0	0	0	0	0	0	0	0	0	0	0	0	0	0
11262P	0	0	0	0	0	0	0	0	0	0	0	0	0	0	0	0	0	0	0	0	0	0	0	0	0	0	0	0	0	0	0	0	0	0	0	0	0	0	0	0	0	0	0	0	0	0	0	0	0	0	0	0
12202A	0	0	0	0	0	0	0	0	0	0	0	0	0	0	0	0	0	0	0	0	0	0	0	0	0	0	0	0	0	0	0	0	0	0	0	0	0	0	0	0	0	0	0	0	0	0	0	0	0	0	0	0
12202P	0	0	0	0	0	0	0	0	0	0	0	0	0	0	0	0	0	0	0	0	0	0	0	0	0	0	0	0	0	0	0	0	0	0	0	0	0	0	0	0	0	0	0	0	0	0	0	0	0	0	0	0
13047M	356,9184	356,9184	356,9184	356,9184	356,9184	879,0768	879,0768	879,0768	879,0768	674,1792	674,1792	674,1792	674,1792	720,4464	720,4464	720,4464	720,4464	674,1792	674,1792	674,1792	674,1792	674,1792	627,912	627,912	627,912	627,912	674,1792	674,1792	674,1792	674,1792	674,1792	376,7472	376,7472	376,7472	376,7472	396,576	396,576	396,576	396,576	740,2752	740,2752	740,2752	740,2752	740,2752	766,7136	766,7136	766,7136	766,7136	1064,1456	1064,1456	1064,1456	1064,1456
13047P	0	0	0	0	0	0	0	0	0	0	0	0	0	0	0	0	0	0	0	0	0	0	0	0	0	0	0	0	0	0	0	0	0	0	0	0	0	0	0	0	0	0	0	0	0	0	0	0	0	0	0	0
13055M	7238,6136	7238,6136	7238,6136	7238,6136	7238,6136	17828,4372	17828,4372	17828,4372	17828,4372	13672,9368	13672,9368	13672,9368	13672,9368	14611,2756	14611,2756	14611,2756	14611,2756	13672,9368	13672,9368	13672,9368	13672,9368	13672,9368	12734,598	12734,598	12734,598	12734,598	13672,9368	13672,9368	13672,9368	13672,9368	13672,9368	7640,7588	7640,7588	7640,7588	7640,7588	8042,904	8042,904	8042,904	8042,904	15013,4208	15013,4208	15013,4208	15013,4208	15013,4208	15549,6144	15549,6144	15549,6144	15549,6144	21581,7924	21581,7924	21581,7924	21581,7924
13055P	0	0	0	0	0	0	0	0	0	0	0	0	0	0	0	0	0	0	0	0	0	0	0	0	0	0	0	0	0	0	0	0	0	0	0	0	0	0	0	0	0	0	0	0	0	0	0	0	0	0	0	0
14047A	0	0	0	0	0	0	0	0	0	0	0	0	0	0	0	0	0	0	0	0	0	0	0	0	0	0	0	0	0	0	0	0	0	0	0	0	0	0	0	0	0	0	0	0	0	0	0	0	0	0	0	0
14047P	0	0	0	0	0	0	0	0	0	0	0	0	0	0	0	0	0	0	0	0	0	0	0	0	0	0	0	0	0	0	0	0	0	0	0	0	0	0	0	0	0	0	0	0	0	0	0	0	0	0	0	0
14118A	0	0	0	0	0	0	0	0	0	0	0	0	0	0	0	0	0	0	0	0	0	0	0	0	0	0	0	0	0	0	0	0	0	0	0	0	0	0	0	0	0	0	0	0	0	0	0	0	0	0	0	0
14118M	477,1872	477,1872	477,1872	477,1872	477,1872	1175,2944	1175,2944	1175,2944	1175,2944	901,3536	901,3536	901,3536	901,3536	963,2112	963,2112	963,2112	963,2112	901,3536	901,3536	901,3536	901,3536	901,3536	839,496	839,496	839,496	839,496	901,3536	901,3536	901,3536	901,3536	901,3536	503,6976	503,6976	503,6976	503,6976	530,208	530,208	530,208	530,208	989,7216	989,7216	989,7216	989,7216	989,7216	1025,0688	1025,0688	1025,0688	1025,0688	1422,7248	1422,7248	1422,7248	1422,7248
14118P	0	0	0	0	0	0	0	0	0	0	0	0	0	0	0	0	0	0	0	0	0	0	0	0	0	0	0	0	0	0	0	0	0	0	0	0	0	0	0	0	0	0	0	0	0	0	0	0	0	0	0	0
14366A	0	0	0	0	0	0	0	0	0	0	0	0	0	0	0	0	0	0	0	0	0	0	0	0	0	0	0	0	0	0	0	0	0	0	0	0	0	0	0	0	0	0	0	0	0	0	0	0	0	0	0	0
14366M	54	54	54	54	54	133	133	133	133	102	102	102	102	109	109	109	109	102	102	102	102	102	95	95	95	95	102	102	102	102	102	57	57	57	57	60	60	60	60	112	112	112	112	112	116	116	116	116	161	161	161	161
14366P	0	0	0	0	0	0	0	0	0	0	0	0	0	0	0	0	0	0	0	0	0	0	0	0	0	0	0	0	0	0	0	0	0	0	0	0	0	0	0	0	0	0	0	0	0	0	0	0	0	0	0	0
14715M	162,648	162,648	162,648	162,648	162,648	400,596	400,596	400,596	400,596	307,224	307,224	307,224	307,224	328,308	328,308	328,308	328,308	307,224	307,224	307,224	307,224	307,224	286,14	286,14	286,14	286,14	307,224	307,224	307,224	307,224	307,224	171,684	171,684	171,684	171,684	180,72	180,72	180,72	180,72	337,344	337,344	337,344	337,344	337,344	349,392	349,392	349,392	349,392	484,932	484,932	484,932	484,932
14715P	0	0	0	0	0	0	0	0	0	0	0	0	0	0	0	0	0	0	0	0	0	0	0	0	0	0	0	0	0	0	0	0	0	0	0	0	0	0	0	0	0	0	0	0	0	0	0	0	0	0	0	0
15014A	0	0	0	0	0	0	0	0	0	0	0	0	0	0	0	0	0	0	0	0	0	0	0	0	0	0	0	0	0	0	0	0	0	0	0	0	0	0	0	0	0	0	0	0	0	0	0	0	0	0	0	0
15014P	0	0	0	0	0	0	0	0	0	0	0	0	0	0	0	0	0	0	0	0	0	0	0	0	0	0	0	0	0	0	0	0	0	0	0	0	0	0	0	0	0	0	0	0	0	0	0	0	0	0	0	0
16015A	0	0	0	0	0	0	0	0	0	0	0	0	0	0	0	0	0	0	0	0	0	0	0	0	0	0	0	0	0	0	0	0	0	0	0	0	0	0	0	0	0	0	0	0	0	0	0	0	0	0	0	0
16015P	0	0	0	0	0	0	0	0	0	0	0	0	0	0	0	0	0	0	0	0	0	0	0	0	0	0	0	0	0	0	0	0	0	0	0	0	0	0	0	0	0	0	0	0	0	0	0	0	0	0	0	0
16102M	141,264	141,264	141,264	141,264	141,264	347,928	347,928	347,928	347,928	266,832	266,832	266,832	266,832	285,144	285,144	285,144	285,144	266,832	266,832	266,832	266,832	266,832	248,52	248,52	248,52	248,52	266,832	266,832	266,832	266,832	266,832	149,112	149,112	149,112	149,112	156,96	156,96	156,96	156,96	292,992	292,992	292,992	292,992	292,992	303,456	303,456	303,456	303,456	421,176	421,176	421,176	421,176
16102P	0	0	0	0	0	0	0	0	0	0	0	0	0	0	0	0	0	0	0	0	0	0	0	0	0	0	0	0	0	0	0	0	0	0	0	0	0	0	0	0	0	0	0	0	0	0	0	0	0	0	0	0
17300A	0	0	0	0	0	0	0	0	0	0	0	0	0	0	0	0	0	0	0	0	0	0	0	0	0	0	0	0	0	0	0	0	0	0	0	0	0	0	0	0	0	0	0	0	0	0	0	0	0	0	0	0
17300P	0	0	0	0	0	0	0	0	0	0	0	0	0	0	0	0	0	0	0	0	0	0	0	0	0	0	0	0	0	0	0	0	0	0	0	0	0	0	0	0	0	0	0	0	0	0	0	0	0	0	0	0
17415A	0	0	0	0	0	0	0	0	0	0	0	0	0	0	0	0	0	0	0	0	0	0	0	0	0	0	0	0	0	0	0	0	0	0	0	0	0	0	0	0	0	0	0	0	0	0	0	0	0	0	0	0
17415P	0	0	0	0	0	0	0	0	0	0	0	0	0	0	0	0	0	0	0	0	0	0	0	0	0	0	0	0	0	0	0	0	0	0	0	0	0	0	0	0	0	0	0	0	0	0	0	0	0	0	0	0
18033A	0	0	0	0	0	0	0	0	0	0	0	0	0	0	0	0	0	0	0	0	0	0	0	0	0	0	0	0	0	0	0	0	0	0	0	0	0	0	0	0	0	0	0	0	0	0	0	0	0	0	0	0
18033P	0	0	0	0	0	0	0	0	0	0	0	0	0	0	0	0	0	0	0	0	0	0	0	0	0	0	0	0	0	0	0	0	0	0	0	0	0	0	0	0	0	0	0	0	0	0	0	0	0	0	0	0
18279A	0	0	0	0	0	0	0	0	0	0	0	0	0	0	0	0	0	0	0	0	0	0	0	0	0	0	0	0	0	0	0	0	0	0	0	0	0	0	0	0	0	0	0	0	0	0	0	0	0	0	0	0
18279P	0	0	0	0	0	0	0	0	0	0	0	0	0	0	0	0	0	0	0	0	0	0	0	0	0	0	0	0	0	0	0	0	0	0	0	0	0	0	0	0	0	0	0	0	0	0	0	0	0	0	0	0
19031A	0	0	0	0	0	0	0	0	0	0	0	0	0	0	0	0	0	0	0	0	0	0	0	0	0	0	0	0	0	0	0	0	0	0	0	0	0	0	0	0	0	0	0	0	0	0	0	0	0	0	0	0
19031P	0	0	0	0	0	0	0	0	0	0	0	0	0	0	0	0	0	0	0	0	0	0	0	0	0	0	0	0	0	0	0	0	0	0	0	0	0	0	0	0	0	0	0	0	0	0	0	0	0	0	0	0
19272M	96,7464	96,7464	96,7464	96,7464	96,7464	238,2828	238,2828	238,2828	238,2828	182,7432	182,7432	182,7432	182,7432	195,2844	195,2844	195,2844	195,2844	182,7432	182,7432	182,7432	182,7432	182,7432	170,202	170,202	170,202	170,202	182,7432	182,7432	182,7432	182,7432	182,7432	102,1212	102,1212	102,1212	102,1212	107,496	107,496	107,496	107,496	200,6592	200,6592	200,6592	200,6592	200,6592	207,8256	207,8256	207,8256	207,8256	288,4476	288,4476	288,4476	288,4476
19272P	0	0	0	0	0	0	0	0	0	0	0	0	0	0	0	0	0	0	0	0	0	0	0	0	0	0	0	0	0	0	0	0	0	0	0	0	0	0	0	0	0	0	0	0	0	0	0	0	0	0	0	0
21054M	188,244	188,244	188,244	188,244	188,244	463,638	463,638	463,638	463,638	355,572	355,572	355,572	355,572	379,974	379,974	379,974	379,974	355,572	355,572	355,572	355,572	355,572	331,17	331,17	331,17	331,17	355,572	355,572	355,572	355,572	355,572	198,702	198,702	198,702	198,702	209,16	209,16	209,16	209,16	390,432	390,432	390,432	390,432	390,432	404,376	404,376	404,376	404,376	561,246	561,246	561,246	561,246
21054P	0	0	0	0	0	0	0	0	0	0	0	0	0	0	0	0	0	0	0	0	0	0	0	0	0	0	0	0	0	0	0	0	0	0	0	0	0	0	0	0	0	0	0	0	0	0	0	0	0	0	0	0
21231A	0	0	0	0	0	0	0	0	0	0	0	0	0	0	0	0	0	0	0	0	0	0	0	0	0	0	0	0	0	0	0	0	0	0	0	0	0	0	0	0	0	0	0	0	0	0	0	0	0	0	0	0
21231M	727,5744	727,5744	727,5744	727,5744	727,5744	1791,9888	1791,9888	1791,9888	1791,9888	1374,3072	1374,3072	1374,3072	1374,3072	1468,6224	1468,6224	1468,6224	1468,6224	1374,3072	1374,3072	1374,3072	1374,3072	1374,3072	1279,992	1279,992	1279,992	1279,992	1374,3072	1374,3072	1374,3072	1374,3072	1374,3072	767,9952	767,9952	767,9952	767,9952	808,416	808,416	808,416	808,416	1509,0432	1509,0432	1509,0432	1509,0432	1509,0432	1562,9376	1562,9376	1562,9376	1562,9376	2169,2496	2169,2496	2169,2496	2169,2496
21231P	0	0	0	0	0	0	0	0	0	0	0	0	0	0	0	0	0	0	0	0	0	0	0	0	0	0	0	0	0	0	0	0	0	0	0	0	0	0	0	0	0	0	0	0	0	0	0	0	0	0	0	0
02168A	0	0	0	0	0	0	0	0	0	0	0	0	0	0	0	0	0	0	0	0	0	0	0	0	0	0	0	0	0	0	0	0	0	0	0	0	0	0	0	0	0	0	0	0	0	0	0	0	0	0	0	0
02168P	0	0	0	0	0	0	0	0	0	0	0	0	0	0	0	0	0	0	0	0	0	0	0	0	0	0	0	0	0	0	0	0	0	0	0	0	0	0	0	0	0	0	0	0	0	0	0	0	0	0	0	0
22070A	0	0	0	0	0	0	0	0	0	0	0	0	0	0	0	0	0	0	0	0	0	0	0	0	0	0	0	0	0	0	0	0	0	0	0	0	0	0	0	0	0	0	0	0	0	0	0	0	0	0	0	0
22070P	0	0	0	0	0	0	0	0	0	0	0	0	0	0	0	0	0	0	0	0	0	0	0	0	0	0	0	0	0	0	0	0	0	0	0	0	0	0	0	0	0	0	0	0	0	0	0	0	0	0	0	0
22113A	0	0	0	0	0	0	0	0	0	0	0	0	0	0	0	0	0	0	0	0	0	0	0	0	0	0	0	0	0	0	0	0	0	0	0	0	0	0	0	0	0	0	0	0	0	0	0	0	0	0	0	0
22113P	0	0	0	0	0	0	0	0	0	0	0	0	0	0	0	0	0	0	0	0	0	0	0	0	0	0	0	0	0	0	0	0	0	0	0	0	0	0	0	0	0	0	0	0	0	0	0	0	0	0	0	0
22278A	0	0	0	0	0	0	0	0	0	0	0	0	0	0	0	0	0	0	0	0	0	0	0	0	0	0	0	0	0	0	0	0	0	0	0	0	0	0	0	0	0	0	0	0	0	0	0	0	0	0	0	0
22278M	141,9768	141,9768	141,9768	141,9768	141,9768	349,6836	349,6836	349,6836	349,6836	268,1784	268,1784	268,1784	268,1784	286,5828	286,5828	286,5828	286,5828	268,1784	268,1784	268,1784	268,1784	268,1784	249,774	249,774	249,774	249,774	268,1784	268,1784	268,1784	268,1784	268,1784	149,8644	149,8644	149,8644	149,8644	157,752	157,752	157,752	157,752	294,4704	294,4704	294,4704	294,4704	294,4704	304,9872	304,9872	304,9872	304,9872	423,3012	423,3012	423,3012	423,3012
22278P	0	0	0	0	0	0	0	0	0	0	0	0	0	0	0	0	0	0	0	0	0	0	0	0	0	0	0	0	0	0	0	0	0	0	0	0	0	0	0	0	0	0	0	0	0	0	0	0	0	0	0	0
24037A	0	0	0	0	0	0	0	0	0	0	0	0	0	0	0	0	0	0	0	0	0	0	0	0	0	0	0	0	0	0	0	0	0	0	0	0	0	0	0	0	0	0	0	0	0	0	0	0	0	0	0	0
24037P	0	0	0	0	0	0	0	0	0	0	0	0	0	0	0	0	0	0	0	0	0	0	0	0	0	0	0	0	0	0	0	0	0	0	0	0	0	0	0	0	0	0	0	0	0	0	0	0	0	0	0	0
02408M	139,8384	139,8384	139,8384	139,8384	139,8384	344,4168	344,4168	344,4168	344,4168	264,1392	264,1392	264,1392	264,1392	282,2664	282,2664	282,2664	282,2664	264,1392	264,1392	264,1392	264,1392	264,1392	246,012	246,012	246,012	246,012	264,1392	264,1392	264,1392	264,1392	264,1392	147,6072	147,6072	147,6072	147,6072	155,376	155,376	155,376	155,376	290,0352	290,0352	290,0352	290,0352	290,0352	300,3936	300,3936	300,3936	300,3936	416,9256	416,9256	416,9256	416,9256
02408P	0	0	0	0	0	0	0	0	0	0	0	0	0	0	0	0	0	0	0	0	0	0	0	0	0	0	0	0	0	0	0	0	0	0	0	0	0	0	0	0	0	0	0	0	0	0	0	0	0	0	0	0
24322M	465,7824	465,7824	465,7824	465,7824	465,7824	1147,2048	1147,2048	1147,2048	1147,2048	879,8112	879,8112	879,8112	879,8112	940,1904	940,1904	940,1904	940,1904	879,8112	879,8112	879,8112	879,8112	879,8112	819,432	819,432	819,432	819,432	879,8112	879,8112	879,8112	879,8112	879,8112	491,6592	491,6592	491,6592	491,6592	517,536	517,536	517,536	517,536	966,0672	966,0672	966,0672	966,0672	966,0672	1000,5696	1000,5696	1000,5696	1000,5696	1388,7216	1388,7216	1388,7216	1388,7216
24322P	0	0	0	0	0	0	0	0	0	0	0	0	0	0	0	0	0	0	0	0	0	0	0	0	0	0	0	0	0	0	0	0	0	0	0	0	0	0	0	0	0	0	0	0	0	0	0	0	0	0	0	0
24520M	108,9936	108,9936	108,9936	108,9936	108,9936	268,4472	268,4472	268,4472	268,4472	205,8768	205,8768	205,8768	205,8768	220,0056	220,0056	220,0056	220,0056	205,8768	205,8768	205,8768	205,8768	205,8768	191,748	191,748	191,748	191,748	205,8768	205,8768	205,8768	205,8768	205,8768	115,0488	115,0488	115,0488	115,0488	121,104	121,104	121,104	121,104	226,0608	226,0608	226,0608	226,0608	226,0608	234,1344	234,1344	234,1344	234,1344	324,9624	324,9624	324,9624	324,9624
24520P	0	0	0	0	0	0	0	0	0	0	0	0	0	0	0	0	0	0	0	0	0	0	0	0	0	0	0	0	0	0	0	0	0	0	0	0	0	0	0	0	0	0	0	0	0	0	0	0	0	0	0	0
25056M	1271,6352	1271,6352	1271,6352	1271,6352	1271,6352	3131,9904	3131,9904	3131,9904	3131,9904	2401,9776	2401,9776	2401,9776	2401,9776	2566,8192	2566,8192	2566,8192	2566,8192	2401,9776	2401,9776	2401,9776	2401,9776	2401,9776	2237,136	2237,136	2237,136	2237,136	2401,9776	2401,9776	2401,9776	2401,9776	2401,9776	1342,2816	1342,2816	1342,2816	1342,2816	1412,928	1412,928	1412,928	1412,928	2637,4656	2637,4656	2637,4656	2637,4656	2637,4656	2731,6608	2731,6608	2731,6608	2731,6608	3791,3568	3791,3568	3791,3568	3791,3568
25056P	0	0	0	0	0	0	0	0	0	0	0	0	0	0	0	0	0	0	0	0	0	0	0	0	0	0	0	0	0	0	0	0	0	0	0	0	0	0	0	0	0	0	0	0	0	0	0	0	0	0	0	0
25388M	1286,1504	1286,1504	1286,1504	1286,1504	1286,1504	3167,7408	3167,7408	3167,7408	3167,7408	2429,3952	2429,3952	2429,3952	2429,3952	2596,1184	2596,1184	2596,1184	2596,1184	2429,3952	2429,3952	2429,3952	2429,3952	2429,3952	2262,672	2262,672	2262,672	2262,672	2429,3952	2429,3952	2429,3952	2429,3952	2429,3952	1357,6032	1357,6032	1357,6032	1357,6032	1429,056	1429,056	1429,056	1429,056	2667,5712	2667,5712	2667,5712	2667,5712	2667,5712	2762,8416	2762,8416	2762,8416	2762,8416	3834,6336	3834,6336	3834,6336	3834,6336
25388P	0	0	0	0	0	0	0	0	0	0	0	0	0	0	0	0	0	0	0	0	0	0	0	0	0	0	0	0	0	0	0	0	0	0	0	0	0	0	0	0	0	0	0	0	0	0	0	0	0	0	0	0
25462M	130,248	130,248	130,248	130,248	130,248	320,796	320,796	320,796	320,796	246,024	246,024	246,024	246,024	262,908	262,908	262,908	262,908	246,024	246,024	246,024	246,024	246,024	229,14	229,14	229,14	229,14	246,024	246,024	246,024	246,024	246,024	137,484	137,484	137,484	137,484	144,72	144,72	144,72	144,72	270,144	270,144	270,144	270,144	270,144	279,792	279,792	279,792	279,792	388,332	388,332	388,332	388,332
25462P	0	0	0	0	0	0	0	0	0	0	0	0	0	0	0	0	0	0	0	0	0	0	0	0	0	0	0	0	0	0	0	0	0	0	0	0	0	0	0	0	0	0	0	0	0	0	0	0	0	0	0	0
26198M	287,4528	287,4528	287,4528	287,4528	287,4528	707,9856	707,9856	707,9856	707,9856	542,9664	542,9664	542,9664	542,9664	580,2288	580,2288	580,2288	580,2288	542,9664	542,9664	542,9664	542,9664	542,9664	505,704	505,704	505,704	505,704	542,9664	542,9664	542,9664	542,9664	542,9664	303,4224	303,4224	303,4224	303,4224	319,392	319,392	319,392	319,392	596,1984	596,1984	596,1984	596,1984	596,1984	617,4912	617,4912	617,4912	617,4912	857,0352	857,0352	857,0352	857,0352
26198P	0	0	0	0	0	0	0	0	0	0	0	0	0	0	0	0	0	0	0	0	0	0	0	0	0	0	0	0	0	0	0	0	0	0	0	0	0	0	0	0	0	0	0	0	0	0	0	0	0	0	0	0
26362M	1076,8464	1076,8464	1076,8464	1076,8464	1076,8464	2652,2328	2652,2328	2652,2328	2652,2328	2034,0432	2034,0432	2034,0432	2034,0432	2173,6344	2173,6344	2173,6344	2173,6344	2034,0432	2034,0432	2034,0432	2034,0432	2034,0432	1894,452	1894,452	1894,452	1894,452	2034,0432	2034,0432	2034,0432	2034,0432	2034,0432	1136,6712	1136,6712	1136,6712	1136,6712	1196,496	1196,496	1196,496	1196,496	2233,4592	2233,4592	2233,4592	2233,4592	2233,4592	2313,2256	2313,2256	2313,2256	2313,2256	3210,5976	3210,5976	3210,5976	3210,5976
26362P	0	0	0	0	0	0	0	0	0	0	0	0	0	0	0	0	0	0	0	0	0	0	0	0	0	0	0	0	0	0	0	0	0	0	0	0	0	0	0	0	0	0	0	0	0	0	0	0	0	0	0	0
02691A	0	0	0	0	0	0	0	0	0	0	0	0	0	0	0	0	0	0	0	0	0	0	0	0	0	0	0	0	0	0	0	0	0	0	0	0	0	0	0	0	0	0	0	0	0	0	0	0	0	0	0	0
02691P	0	0	0	0	0	0	0	0	0	0	0	0	0	0	0	0	0	0	0	0	0	0	0	0	0	0	0	0	0	0	0	0	0	0	0	0	0	0	0	0	0	0	0	0	0	0	0	0	0	0	0	0
27016A	0	0	0	0	0	0	0	0	0	0	0	0	0	0	0	0	0	0	0	0	0	0	0	0	0	0	0	0	0	0	0	0	0	0	0	0	0	0	0	0	0	0	0	0	0	0	0	0	0	0	0	0
27016P	0	0	0	0	0	0	0	0	0	0	0	0	0	0	0	0	0	0	0	0	0	0	0	0	0	0	0	0	0	0	0	0	0	0	0	0	0	0	0	0	0	0	0	0	0	0	0	0	0	0	0	0
27229A	0	0	0	0	0	0	0	0	0	0	0	0	0	0	0	0	0	0	0	0	0	0	0	0	0	0	0	0	0	0	0	0	0	0	0	0	0	0	0	0	0	0	0	0	0	0	0	0	0	0	0	0
27229P	0	0	0	0	0	0	0	0	0	0	0	0	0	0	0	0	0	0	0	0	0	0	0	0	0	0	0	0	0	0	0	0	0	0	0	0	0	0	0	0	0	0	0	0	0	0	0	0	0	0	0	0
02722M	159,4728	159,4728	159,4728	159,4728	159,4728	392,7756	392,7756	392,7756	392,7756	301,2264	301,2264	301,2264	301,2264	321,8988	321,8988	321,8988	321,8988	301,2264	301,2264	301,2264	301,2264	301,2264	280,554	280,554	280,554	280,554	301,2264	301,2264	301,2264	301,2264	301,2264	168,3324	168,3324	168,3324	168,3324	177,192	177,192	177,192	177,192	330,7584	330,7584	330,7584	330,7584	330,7584	342,5712	342,5712	342,5712	342,5712	475,4652	475,4652	475,4652	475,4652
02722P	0	0	0	0	0	0	0	0	0	0	0	0	0	0	0	0	0	0	0	0	0	0	0	0	0	0	0	0	0	0	0	0	0	0	0	0	0	0	0	0	0	0	0	0	0	0	0	0	0	0	0	0
27284A	0	0	0	0	0	0	0	0	0	0	0	0	0	0	0	0	0	0	0	0	0	0	0	0	0	0	0	0	0	0	0	0	0	0	0	0	0	0	0	0	0	0	0	0	0	0	0	0	0	0	0	0
27284P	0	0	0	0	0	0	0	0	0	0	0	0	0	0	0	0	0	0	0	0	0	0	0	0	0	0	0	0	0	0	0	0	0	0	0	0	0	0	0	0	0	0	0	0	0	0	0	0	0	0	0	0
27681M	136,5984	136,5984	136,5984	136,5984	136,5984	336,4368	336,4368	336,4368	336,4368	258,0192	258,0192	258,0192	258,0192	275,7264	275,7264	275,7264	275,7264	258,0192	258,0192	258,0192	258,0192	258,0192	240,312	240,312	240,312	240,312	258,0192	258,0192	258,0192	258,0192	258,0192	144,1872	144,1872	144,1872	144,1872	151,776	151,776	151,776	151,776	283,3152	283,3152	283,3152	283,3152	283,3152	293,4336	293,4336	293,4336	293,4336	407,2656	407,2656	407,2656	407,2656
27681P	0	0	0	0	0	0	0	0	0	0	0	0	0	0	0	0	0	0	0	0	0	0	0	0	0	0	0	0	0	0	0	0	0	0	0	0	0	0	0	0	0	0	0	0	0	0	0	0	0	0	0	0
28085A	0	0	0	0	0	0	0	0	0	0	0	0	0	0	0	0	0	0	0	0	0	0	0	0	0	0	0	0	0	0	0	0	0	0	0	0	0	0	0	0	0	0	0	0	0	0	0	0	0	0	0	0
28085P	0	0	0	0	0	0	0	0	0	0	0	0	0	0	0	0	0	0	0	0	0	0	0	0	0	0	0	0	0	0	0	0	0	0	0	0	0	0	0	0	0	0	0	0	0	0	0	0	0	0	0	0
28134A	0	0	0	0	0	0	0	0	0	0	0	0	0	0	0	0	0	0	0	0	0	0	0	0	0	0	0	0	0	0	0	0	0	0	0	0	0	0	0	0	0	0	0	0	0	0	0	0	0	0	0	0
28134P	0	0	0	0	0	0	0	0	0	0	0	0	0	0	0	0	0	0	0	0	0	0	0	0	0	0	0	0	0	0	0	0	0	0	0	0	0	0	0	0	0	0	0	0	0	0	0	0	0	0	0	0
29019A	0	0	0	0	0	0	0	0	0	0	0	0	0	0	0	0	0	0	0	0	0	0	0	0	0	0	0	0	0	0	0	0	0	0	0	0	0	0	0	0	0	0	0	0	0	0	0	0	0	0	0	0
29019M	275,6592	275,6592	275,6592	275,6592	275,6592	678,9384	678,9384	678,9384	678,9384	520,6896	520,6896	520,6896	520,6896	556,4232	556,4232	556,4232	556,4232	520,6896	520,6896	520,6896	520,6896	520,6896	484,956	484,956	484,956	484,956	520,6896	520,6896	520,6896	520,6896	520,6896	290,9736	290,9736	290,9736	290,9736	306,288	306,288	306,288	306,288	571,7376	571,7376	571,7376	571,7376	571,7376	592,1568	592,1568	592,1568	592,1568	821,8728	821,8728	821,8728	821,8728
29019P	0	0	0	0	0	0	0	0	0	0	0	0	0	0	0	0	0	0	0	0	0	0	0	0	0	0	0	0	0	0	0	0	0	0	0	0	0	0	0	0	0	0	0	0	0	0	0	0	0	0	0	0
29039M	176,5152	176,5152	176,5152	176,5152	176,5152	434,7504	434,7504	434,7504	434,7504	333,4176	333,4176	333,4176	333,4176	356,2992	356,2992	356,2992	356,2992	333,4176	333,4176	333,4176	333,4176	333,4176	310,536	310,536	310,536	310,536	333,4176	333,4176	333,4176	333,4176	333,4176	186,3216	186,3216	186,3216	186,3216	196,128	196,128	196,128	196,128	366,1056	366,1056	366,1056	366,1056	366,1056	379,1808	379,1808	379,1808	379,1808	526,2768	526,2768	526,2768	526,2768
29039P	0	0	0	0	0	0	0	0	0	0	0	0	0	0	0	0	0	0	0	0	0	0	0	0	0	0	0	0	0	0	0	0	0	0	0	0	0	0	0	0	0	0	0	0	0	0	0	0	0	0	0	0
29046A	0	0	0	0	0	0	0	0	0	0	0	0	0	0	0	0	0	0	0	0	0	0	0	0	0	0	0	0	0	0	0	0	0	0	0	0	0	0	0	0	0	0	0	0	0	0	0	0	0	0	0	0
29046P	0	0	0	0	0	0	0	0	0	0	0	0	0	0	0	0	0	0	0	0	0	0	0	0	0	0	0	0	0	0	0	0	0	0	0	0	0	0	0	0	0	0	0	0	0	0	0	0	0	0	0	0
29105M	54	54	54	54	54	133	133	133	133	102	102	102	102	109	109	109	109	102	102	102	102	102	95	95	95	95	102	102	102	102	102	57	57	57	57	60	60	60	60	112	112	112	112	112	116	116	116	116	161	161	161	161
29105P	0	0	0	0	0	0	0	0	0	0	0	0	0	0	0	0	0	0	0	0	0	0	0	0	0	0	0	0	0	0	0	0	0	0	0	0	0	0	0	0	0	0	0	0	0	0	0	0	0	0	0	0
29151M	101,2824	101,2824	101,2824	101,2824	101,2824	249,4548	249,4548	249,4548	249,4548	191,3112	191,3112	191,3112	191,3112	204,4404	204,4404	204,4404	204,4404	191,3112	191,3112	191,3112	191,3112	191,3112	178,182	178,182	178,182	178,182	191,3112	191,3112	191,3112	191,3112	191,3112	106,9092	106,9092	106,9092	106,9092	112,536	112,536	112,536	112,536	210,0672	210,0672	210,0672	210,0672	210,0672	217,5696	217,5696	217,5696	217,5696	301,9716	301,9716	301,9716	301,9716
29151P	0	0	0	0	0	0	0	0	0	0	0	0	0	0	0	0	0	0	0	0	0	0	0	0	0	0	0	0	0	0	0	0	0	0	0	0	0	0	0	0	0	0	0	0	0	0	0	0	0	0	0	0
29232M	498,312	498,312	498,312	498,312	498,312	1227,324	1227,324	1227,324	1227,324	941,256	941,256	941,256	941,256	1005,852	1005,852	1005,852	1005,852	941,256	941,256	941,256	941,256	941,256	876,66	876,66	876,66	876,66	941,256	941,256	941,256	941,256	941,256	525,996	525,996	525,996	525,996	553,68	553,68	553,68	553,68	1033,536	1033,536	1033,536	1033,536	1033,536	1070,448	1070,448	1070,448	1070,448	1485,708	1485,708	1485,708	1485,708
29232P	0	0	0	0	0	0	0	0	0	0	0	0	0	0	0	0	0	0	0	0	0	0	0	0	0	0	0	0	0	0	0	0	0	0	0	0	0	0	0	0	0	0	0	0	0	0	0	0	0	0	0	0
2A004M	94,4784	94,4784	94,4784	94,4784	94,4784	232,6968	232,6968	232,6968	232,6968	178,4592	178,4592	178,4592	178,4592	190,7064	190,7064	190,7064	190,7064	178,4592	178,4592	178,4592	178,4592	178,4592	166,212	166,212	166,212	166,212	178,4592	178,4592	178,4592	178,4592	178,4592	99,7272	99,7272	99,7272	99,7272	104,976	104,976	104,976	104,976	195,9552	195,9552	195,9552	195,9552	195,9552	202,9536	202,9536	202,9536	202,9536	281,6856	281,6856	281,6856	281,6856
2A004P	0	0	0	0	0	0	0	0	0	0	0	0	0	0	0	0	0	0	0	0	0	0	0	0	0	0	0	0	0	0	0	0	0	0	0	0	0	0	0	0	0	0	0	0	0	0	0	0	0	0	0	0
2B033M	157,0752	157,0752	157,0752	157,0752	157,0752	386,8704	386,8704	386,8704	386,8704	296,6976	296,6976	296,6976	296,6976	317,0592	317,0592	317,0592	317,0592	296,6976	296,6976	296,6976	296,6976	296,6976	276,336	276,336	276,336	276,336	296,6976	296,6976	296,6976	296,6976	296,6976	165,8016	165,8016	165,8016	165,8016	174,528	174,528	174,528	174,528	325,7856	325,7856	325,7856	325,7856	325,7856	337,4208	337,4208	337,4208	337,4208	468,3168	468,3168	468,3168	468,3168
2B033P	0	0	0	0	0	0	0	0	0	0	0	0	0	0	0	0	0	0	0	0	0	0	0	0	0	0	0	0	0	0	0	0	0	0	0	0	0	0	0	0	0	0	0	0	0	0	0	0	0	0	0	0
30007M	222,7176	222,7176	222,7176	222,7176	222,7176	548,5452	548,5452	548,5452	548,5452	420,6888	420,6888	420,6888	420,6888	449,5596	449,5596	449,5596	449,5596	420,6888	420,6888	420,6888	420,6888	420,6888	391,818	391,818	391,818	391,818	420,6888	420,6888	420,6888	420,6888	420,6888	235,0908	235,0908	235,0908	235,0908	247,464	247,464	247,464	247,464	461,9328	461,9328	461,9328	461,9328	461,9328	478,4304	478,4304	478,4304	478,4304	664,0284	664,0284	664,0284	664,0284
30007P	0	0	0	0	0	0	0	0	0	0	0	0	0	0	0	0	0	0	0	0	0	0	0	0	0	0	0	0	0	0	0	0	0	0	0	0	0	0	0	0	0	0	0	0	0	0	0	0	0	0	0	0
30189M	1337,9904	1337,9904	1337,9904	1337,9904	1337,9904	3295,4208	3295,4208	3295,4208	3295,4208	2527,3152	2527,3152	2527,3152	2527,3152	2700,7584	2700,7584	2700,7584	2700,7584	2527,3152	2527,3152	2527,3152	2527,3152	2527,3152	2353,872	2353,872	2353,872	2353,872	2527,3152	2527,3152	2527,3152	2527,3152	2527,3152	1412,3232	1412,3232	1412,3232	1412,3232	1486,656	1486,656	1486,656	1486,656	2775,0912	2775,0912	2775,0912	2775,0912	2775,0912	2874,2016	2874,2016	2874,2016	2874,2016	3989,1936	3989,1936	3989,1936	3989,1936
30189P	0	0	0	0	0	0	0	0	0	0	0	0	0	0	0	0	0	0	0	0	0	0	0	0	0	0	0	0	0	0	0	0	0	0	0	0	0	0	0	0	0	0	0	0	0	0	0	0	0	0	0	0
31555A	0	0	0	0	0	0	0	0	0	0	0	0	0	0	0	0	0	0	0	0	0	0	0	0	0	0	0	0	0	0	0	0	0	0	0	0	0	0	0	0	0	0	0	0	0	0	0	0	0	0	0	0
31555M	3578,6448	3578,6448	3578,6448	3578,6448	3578,6448	8814,0696	8814,0696	8814,0696	8814,0696	6759,6624	6759,6624	6759,6624	6759,6624	7223,5608	7223,5608	7223,5608	7223,5608	6759,6624	6759,6624	6759,6624	6759,6624	6759,6624	6295,764	6295,764	6295,764	6295,764	6759,6624	6759,6624	6759,6624	6759,6624	6759,6624	3777,4584	3777,4584	3777,4584	3777,4584	3976,272	3976,272	3976,272	3976,272	7422,3744	7422,3744	7422,3744	7422,3744	7422,3744	7687,4592	7687,4592	7687,4592	7687,4592	10669,6632	10669,6632	10669,6632	10669,6632
31555P	0	0	0	0	0	0	0	0	0	0	0	0	0	0	0	0	0	0	0	0	0	0	0	0	0	0	0	0	0	0	0	0	0	0	0	0	0	0	0	0	0	0	0	0	0	0	0	0	0	0	0	0
03185M	240,4728	240,4728	240,4728	240,4728	240,4728	592,2756	592,2756	592,2756	592,2756	454,2264	454,2264	454,2264	454,2264	485,3988	485,3988	485,3988	485,3988	454,2264	454,2264	454,2264	454,2264	454,2264	423,054	423,054	423,054	423,054	454,2264	454,2264	454,2264	454,2264	454,2264	253,8324	253,8324	253,8324	253,8324	267,192	267,192	267,192	267,192	498,7584	498,7584	498,7584	498,7584	498,7584	516,5712	516,5712	516,5712	516,5712	716,9652	716,9652	716,9652	716,9652
03185P	0	0	0	0	0	0	0	0	0	0	0	0	0	0	0	0	0	0	0	0	0	0	0	0	0	0	0	0	0	0	0	0	0	0	0	0	0	0	0	0	0	0	0	0	0	0	0	0	0	0	0	0
03190M	128,1744	128,1744	128,1744	128,1744	128,1744	315,6888	315,6888	315,6888	315,6888	242,1072	242,1072	242,1072	242,1072	258,7224	258,7224	258,7224	258,7224	242,1072	242,1072	242,1072	242,1072	242,1072	225,492	225,492	225,492	225,492	242,1072	242,1072	242,1072	242,1072	242,1072	135,2952	135,2952	135,2952	135,2952	142,416	142,416	142,416	142,416	265,8432	265,8432	265,8432	265,8432	265,8432	275,3376	275,3376	275,3376	275,3376	382,1496	382,1496	382,1496	382,1496
03190P	0	0	0	0	0	0	0	0	0	0	0	0	0	0	0	0	0	0	0	0	0	0	0	0	0	0	0	0	0	0	0	0	0	0	0	0	0	0	0	0	0	0	0	0	0	0	0	0	0	0	0	0
32013M	195,2424	195,2424	195,2424	195,2424	195,2424	480,8748	480,8748	480,8748	480,8748	368,7912	368,7912	368,7912	368,7912	394,1004	394,1004	394,1004	394,1004	368,7912	368,7912	368,7912	368,7912	368,7912	343,482	343,482	343,482	343,482	368,7912	368,7912	368,7912	368,7912	368,7912	206,0892	206,0892	206,0892	206,0892	216,936	216,936	216,936	216,936	404,9472	404,9472	404,9472	404,9472	404,9472	419,4096	419,4096	419,4096	419,4096	582,1116	582,1116	582,1116	582,1116
32013P	0	0	0	0	0	0	0	0	0	0	0	0	0	0	0	0	0	0	0	0	0	0	0	0	0	0	0	0	0	0	0	0	0	0	0	0	0	0	0	0	0	0	0	0	0	0	0	0	0	0	0	0
33058M	54	54	54	54	54	133	133	133	133	102	102	102	102	109	109	109	109	102	102	102	102	102	95	95	95	95	102	102	102	102	102	57	57	57	57	60	60	60	60	112	112	112	112	112	116	116	116	116	161	161	161	161
33058P	0	0	0	0	0	0	0	0	0	0	0	0	0	0	0	0	0	0	0	0	0	0	0	0	0	0	0	0	0	0	0	0	0	0	0	0	0	0	0	0	0	0	0	0	0	0	0	0	0	0	0	0
33063A	0	0	0	0	0	0	0	0	0	0	0	0	0	0	0	0	0	0	0	0	0	0	0	0	0	0	0	0	0	0	0	0	0	0	0	0	0	0	0	0	0	0	0	0	0	0	0	0	0	0	0	0
33063M	2596,7304	2596,7304	2596,7304	2596,7304	2596,7304	6395,6508	6395,6508	6395,6508	6395,6508	4904,9352	4904,9352	4904,9352	4904,9352	5241,5484	5241,5484	5241,5484	5241,5484	4904,9352	4904,9352	4904,9352	4904,9352	4904,9352	4568,322	4568,322	4568,322	4568,322	4904,9352	4904,9352	4904,9352	4904,9352	4904,9352	2740,9932	2740,9932	2740,9932	2740,9932	2885,256	2885,256	2885,256	2885,256	5385,8112	5385,8112	5385,8112	5385,8112	5385,8112	5578,1616	5578,1616	5578,1616	5578,1616	7742,1036	7742,1036	7742,1036	7742,1036
33063P	0	0	0	0	0	0	0	0	0	0	0	0	0	0	0	0	0	0	0	0	0	0	0	0	0	0	0	0	0	0	0	0	0	0	0	0	0	0	0	0	0	0	0	0	0	0	0	0	0	0	0	0
03310A	0	0	0	0	0	0	0	0	0	0	0	0	0	0	0	0	0	0	0	0	0	0	0	0	0	0	0	0	0	0	0	0	0	0	0	0	0	0	0	0	0	0	0	0	0	0	0	0	0	0	0	0
03310P	0	0	0	0	0	0	0	0	0	0	0	0	0	0	0	0	0	0	0	0	0	0	0	0	0	0	0	0	0	0	0	0	0	0	0	0	0	0	0	0	0	0	0	0	0	0	0	0	0	0	0	0
33243A	0	0	0	0	0	0	0	0	0	0	0	0	0	0	0	0	0	0	0	0	0	0	0	0	0	0	0	0	0	0	0	0	0	0	0	0	0	0	0	0	0	0	0	0	0	0	0	0	0	0	0	0
33243P	0	0	0	0	0	0	0	0	0	0	0	0	0	0	0	0	0	0	0	0	0	0	0	0	0	0	0	0	0	0	0	0	0	0	0	0	0	0	0	0	0	0	0	0	0	0	0	0	0	0	0	0
33529A	0	0	0	0	0	0	0	0	0	0	0	0	0	0	0	0	0	0	0	0	0	0	0	0	0	0	0	0	0	0	0	0	0	0	0	0	0	0	0	0	0	0	0	0	0	0	0	0	0	0	0	0
33529M	54	54	54	54	54	133	133	133	133	102	102	102	102	109	109	109	109	102	102	102	102	102	95	95	95	95	102	102	102	102	102	57	57	57	57	60	60	60	60	112	112	112	112	112	116	116	116	116	161	161	161	161
33529P	0	0	0	0	0	0	0	0	0	0	0	0	0	0	0	0	0	0	0	0	0	0	0	0	0	0	0	0	0	0	0	0	0	0	0	0	0	0	0	0	0	0	0	0	0	0	0	0	0	0	0	0
34032A	0	0	0	0	0	0	0	0	0	0	0	0	0	0	0	0	0	0	0	0	0	0	0	0	0	0	0	0	0	0	0	0	0	0	0	0	0	0	0	0	0	0	0	0	0	0	0	0	0	0	0	0
34032M	164,5272	164,5272	164,5272	164,5272	164,5272	405,2244	405,2244	405,2244	405,2244	310,7736	310,7736	310,7736	310,7736	332,1012	332,1012	332,1012	332,1012	310,7736	310,7736	310,7736	310,7736	310,7736	289,446	289,446	289,446	289,446	310,7736	310,7736	310,7736	310,7736	310,7736	173,6676	173,6676	173,6676	173,6676	182,808	182,808	182,808	182,808	341,2416	341,2416	341,2416	341,2416	341,2416	353,4288	353,4288	353,4288	353,4288	490,5348	490,5348	490,5348	490,5348
34032P	0	0	0	0	0	0	0	0	0	0	0	0	0	0	0	0	0	0	0	0	0	0	0	0	0	0	0	0	0	0	0	0	0	0	0	0	0	0	0	0	0	0	0	0	0	0	0	0	0	0	0	0
34172A	0	0	0	0	0	0	0	0	0	0	0	0	0	0	0	0	0	0	0	0	0	0	0	0	0	0	0	0	0	0	0	0	0	0	0	0	0	0	0	0	0	0	0	0	0	0	0	0	0	0	0	0
34172M	2242,1448	2242,1448	2242,1448	2242,1448	2242,1448	5522,3196	5522,3196	5522,3196	5522,3196	4235,1624	4235,1624	4235,1624	4235,1624	4525,8108	4525,8108	4525,8108	4525,8108	4235,1624	4235,1624	4235,1624	4235,1624	4235,1624	3944,514	3944,514	3944,514	3944,514	4235,1624	4235,1624	4235,1624	4235,1624	4235,1624	2366,7084	2366,7084	2366,7084	2366,7084	2491,272	2491,272	2491,272	2491,272	4650,3744	4650,3744	4650,3744	4650,3744	4650,3744	4816,4592	4816,4592	4816,4592	4816,4592	6684,9132	6684,9132	6684,9132	6684,9132
34172P	0	0	0	0	0	0	0	0	0	0	0	0	0	0	0	0	0	0	0	0	0	0	0	0	0	0	0	0	0	0	0	0	0	0	0	0	0	0	0	0	0	0	0	0	0	0	0	0	0	0	0	0
34301A	0	0	0	0	0	0	0	0	0	0	0	0	0	0	0	0	0	0	0	0	0	0	0	0	0	0	0	0	0	0	0	0	0	0	0	0	0	0	0	0	0	0	0	0	0	0	0	0	0	0	0	0
34301M	70,6968	70,6968	70,6968	70,6968	70,6968	174,1236	174,1236	174,1236	174,1236	133,5384	133,5384	133,5384	133,5384	142,7028	142,7028	142,7028	142,7028	133,5384	133,5384	133,5384	133,5384	133,5384	124,374	124,374	124,374	124,374	133,5384	133,5384	133,5384	133,5384	133,5384	74,6244	74,6244	74,6244	74,6244	78,552	78,552	78,552	78,552	146,6304	146,6304	146,6304	146,6304	146,6304	151,8672	151,8672	151,8672	151,8672	210,7812	210,7812	210,7812	210,7812
34301P	0	0	0	0	0	0	0	0	0	0	0	0	0	0	0	0	0	0	0	0	0	0	0	0	0	0	0	0	0	0	0	0	0	0	0	0	0	0	0	0	0	0	0	0	0	0	0	0	0	0	0	0
35238A	0	0	0	0	0	0	0	0	0	0	0	0	0	0	0	0	0	0	0	0	0	0	0	0	0	0	0	0	0	0	0	0	0	0	0	0	0	0	0	0	0	0	0	0	0	0	0	0	0	0	0	0
35238M	1494,4824	1494,4824	1494,4824	1494,4824	1494,4824	3680,8548	3680,8548	3680,8548	3680,8548	2822,9112	2822,9112	2822,9112	2822,9112	3016,6404	3016,6404	3016,6404	3016,6404	2822,9112	2822,9112	2822,9112	2822,9112	2822,9112	2629,182	2629,182	2629,182	2629,182	2822,9112	2822,9112	2822,9112	2822,9112	2822,9112	1577,5092	1577,5092	1577,5092	1577,5092	1660,536	1660,536	1660,536	1660,536	3099,6672	3099,6672	3099,6672	3099,6672	3099,6672	3210,3696	3210,3696	3210,3696	3210,3696	4455,7716	4455,7716	4455,7716	4455,7716
35238P	0	0	0	0	0	0	0	0	0	0	0	0	0	0	0	0	0	0	0	0	0	0	0	0	0	0	0	0	0	0	0	0	0	0	0	0	0	0	0	0	0	0	0	0	0	0	0	0	0	0	0	0
35288M	236,9736	236,9736	236,9736	236,9736	236,9736	583,6572	583,6572	583,6572	583,6572	447,6168	447,6168	447,6168	447,6168	478,3356	478,3356	478,3356	478,3356	447,6168	447,6168	447,6168	447,6168	447,6168	416,898	416,898	416,898	416,898	447,6168	447,6168	447,6168	447,6168	447,6168	250,1388	250,1388	250,1388	250,1388	263,304	263,304	263,304	263,304	491,5008	491,5008	491,5008	491,5008	491,5008	509,0544	509,0544	509,0544	509,0544	706,5324	706,5324	706,5324	706,5324
35288P	0	0	0	0	0	0	0	0	0	0	0	0	0	0	0	0	0	0	0	0	0	0	0	0	0	0	0	0	0	0	0	0	0	0	0	0	0	0	0	0	0	0	0	0	0	0	0	0	0	0	0	0
35360A	0	0	0	0	0	0	0	0	0	0	0	0	0	0	0	0	0	0	0	0	0	0	0	0	0	0	0	0	0	0	0	0	0	0	0	0	0	0	0	0	0	0	0	0	0	0	0	0	0	0	0	0
35360P	0	0	0	0	0	0	0	0	0	0	0	0	0	0	0	0	0	0	0	0	0	0	0	0	0	0	0	0	0	0	0	0	0	0	0	0	0	0	0	0	0	0	0	0	0	0	0	0	0	0	0	0
36044M	276,1128	276,1128	276,1128	276,1128	276,1128	680,0556	680,0556	680,0556	680,0556	521,5464	521,5464	521,5464	521,5464	557,3388	557,3388	557,3388	557,3388	521,5464	521,5464	521,5464	521,5464	521,5464	485,754	485,754	485,754	485,754	521,5464	521,5464	521,5464	521,5464	521,5464	291,4524	291,4524	291,4524	291,4524	306,792	306,792	306,792	306,792	572,6784	572,6784	572,6784	572,6784	572,6784	593,1312	593,1312	593,1312	593,1312	823,2252	823,2252	823,2252	823,2252
36044P	0	0	0	0	0	0	0	0	0	0	0	0	0	0	0	0	0	0	0	0	0	0	0	0	0	0	0	0	0	0	0	0	0	0	0	0	0	0	0	0	0	0	0	0	0	0	0	0	0	0	0	0
37261A	0	0	0	0	0	0	0	0	0	0	0	0	0	0	0	0	0	0	0	0	0	0	0	0	0	0	0	0	0	0	0	0	0	0	0	0	0	0	0	0	0	0	0	0	0	0	0	0	0	0	0	0
37261M	398,0016	398,0016	398,0016	398,0016	398,0016	980,2632	980,2632	980,2632	980,2632	751,7808	751,7808	751,7808	751,7808	803,3736	803,3736	803,3736	803,3736	751,7808	751,7808	751,7808	751,7808	751,7808	700,188	700,188	700,188	700,188	751,7808	751,7808	751,7808	751,7808	751,7808	420,1128	420,1128	420,1128	420,1128	442,224	442,224	442,224	442,224	825,4848	825,4848	825,4848	825,4848	825,4848	854,9664	854,9664	854,9664	854,9664	1186,6344	1186,6344	1186,6344	1186,6344
37261P	0	0	0	0	0	0	0	0	0	0	0	0	0	0	0	0	0	0	0	0	0	0	0	0	0	0	0	0	0	0	0	0	0	0	0	0	0	0	0	0	0	0	0	0	0	0	0	0	0	0	0	0
38053M	670,8096	670,8096	670,8096	670,8096	670,8096	1652,1792	1652,1792	1652,1792	1652,1792	1267,0848	1267,0848	1267,0848	1267,0848	1354,0416	1354,0416	1354,0416	1354,0416	1267,0848	1267,0848	1267,0848	1267,0848	1267,0848	1180,128	1180,128	1180,128	1180,128	1267,0848	1267,0848	1267,0848	1267,0848	1267,0848	708,0768	708,0768	708,0768	708,0768	745,344	745,344	745,344	745,344	1391,3088	1391,3088	1391,3088	1391,3088	1391,3088	1440,9984	1440,9984	1440,9984	1440,9984	2000,0064	2000,0064	2000,0064	2000,0064
38053P	0	0	0	0	0	0	0	0	0	0	0	0	0	0	0	0	0	0	0	0	0	0	0	0	0	0	0	0	0	0	0	0	0	0	0	0	0	0	0	0	0	0	0	0	0	0	0	0	0	0	0	0
38185A	0	0	0	0	0	0	0	0	0	0	0	0	0	0	0	0	0	0	0	0	0	0	0	0	0	0	0	0	0	0	0	0	0	0	0	0	0	0	0	0	0	0	0	0	0	0	0	0	0	0	0	0
38185M	2734,1064	2734,1064	2734,1064	2734,1064	2734,1064	6734,0028	6734,0028	6734,0028	6734,0028	5164,4232	5164,4232	5164,4232	5164,4232	5518,8444	5518,8444	5518,8444	5518,8444	5164,4232	5164,4232	5164,4232	5164,4232	5164,4232	4810,002	4810,002	4810,002	4810,002	5164,4232	5164,4232	5164,4232	5164,4232	5164,4232	2886,0012	2886,0012	2886,0012	2886,0012	3037,896	3037,896	3037,896	3037,896	5670,7392	5670,7392	5670,7392	5670,7392	5670,7392	5873,2656	5873,2656	5873,2656	5873,2656	8151,6876	8151,6876	8151,6876	8151,6876
38185P	0	0	0	0	0	0	0	0	0	0	0	0	0	0	0	0	0	0	0	0	0	0	0	0	0	0	0	0	0	0	0	0	0	0	0	0	0	0	0	0	0	0	0	0	0	0	0	0	0	0	0	0
38544M	443,232	443,232	443,232	443,232	443,232	1091,664	1091,664	1091,664	1091,664	837,216	837,216	837,216	837,216	894,672	894,672	894,672	894,672	837,216	837,216	837,216	837,216	837,216	779,76	779,76	779,76	779,76	837,216	837,216	837,216	837,216	837,216	467,856	467,856	467,856	467,856	492,48	492,48	492,48	492,48	919,296	919,296	919,296	919,296	919,296	952,128	952,128	952,128	952,128	1321,488	1321,488	1321,488	1321,488
38544P	0	0	0	0	0	0	0	0	0	0	0	0	0	0	0	0	0	0	0	0	0	0	0	0	0	0	0	0	0	0	0	0	0	0	0	0	0	0	0	0	0	0	0	0	0	0	0	0	0	0	0	0
38563M	346,6152	346,6152	346,6152	346,6152	346,6152	853,7004	853,7004	853,7004	853,7004	654,7176	654,7176	654,7176	654,7176	699,6492	699,6492	699,6492	699,6492	654,7176	654,7176	654,7176	654,7176	654,7176	609,786	609,786	609,786	609,786	654,7176	654,7176	654,7176	654,7176	654,7176	365,8716	365,8716	365,8716	365,8716	385,128	385,128	385,128	385,128	718,9056	718,9056	718,9056	718,9056	718,9056	744,5808	744,5808	744,5808	744,5808	1033,4268	1033,4268	1033,4268	1033,4268
38563P	0	0	0	0	0	0	0	0	0	0	0	0	0	0	0	0	0	0	0	0	0	0	0	0	0	0	0	0	0	0	0	0	0	0	0	0	0	0	0	0	0	0	0	0	0	0	0	0	0	0	0	0
39198M	140,5512	140,5512	140,5512	140,5512	140,5512	346,1724	346,1724	346,1724	346,1724	265,4856	265,4856	265,4856	265,4856	283,7052	283,7052	283,7052	283,7052	265,4856	265,4856	265,4856	265,4856	265,4856	247,266	247,266	247,266	247,266	265,4856	265,4856	265,4856	265,4856	265,4856	148,3596	148,3596	148,3596	148,3596	156,168	156,168	156,168	156,168	291,5136	291,5136	291,5136	291,5136	291,5136	301,9248	301,9248	301,9248	301,9248	419,0508	419,0508	419,0508	419,0508
39198P	0	0	0	0	0	0	0	0	0	0	0	0	0	0	0	0	0	0	0	0	0	0	0	0	0	0	0	0	0	0	0	0	0	0	0	0	0	0	0	0	0	0	0	0	0	0	0	0	0	0	0	0
39300A	0	0	0	0	0	0	0	0	0	0	0	0	0	0	0	0	0	0	0	0	0	0	0	0	0	0	0	0	0	0	0	0	0	0	0	0	0	0	0	0	0	0	0	0	0	0	0	0	0	0	0	0
39300P	0	0	0	0	0	0	0	0	0	0	0	0	0	0	0	0	0	0	0	0	0	0	0	0	0	0	0	0	0	0	0	0	0	0	0	0	0	0	0	0	0	0	0	0	0	0	0	0	0	0	0	0
40088A	0	0	0	0	0	0	0	0	0	0	0	0	0	0	0	0	0	0	0	0	0	0	0	0	0	0	0	0	0	0	0	0	0	0	0	0	0	0	0	0	0	0	0	0	0	0	0	0	0	0	0	0
40088P	0	0	0	0	0	0	0	0	0	0	0	0	0	0	0	0	0	0	0	0	0	0	0	0	0	0	0	0	0	0	0	0	0	0	0	0	0	0	0	0	0	0	0	0	0	0	0	0	0	0	0	0
40192M	202,3056	202,3056	202,3056	202,3056	202,3056	498,2712	498,2712	498,2712	498,2712	382,1328	382,1328	382,1328	382,1328	408,3576	408,3576	408,3576	408,3576	382,1328	382,1328	382,1328	382,1328	382,1328	355,908	355,908	355,908	355,908	382,1328	382,1328	382,1328	382,1328	382,1328	213,5448	213,5448	213,5448	213,5448	224,784	224,784	224,784	224,784	419,5968	419,5968	419,5968	419,5968	419,5968	434,5824	434,5824	434,5824	434,5824	603,1704	603,1704	603,1704	603,1704
40192P	0	0	0	0	0	0	0	0	0	0	0	0	0	0	0	0	0	0	0	0	0	0	0	0	0	0	0	0	0	0	0	0	0	0	0	0	0	0	0	0	0	0	0	0	0	0	0	0	0	0	0	0
40310A	0	0	0	0	0	0	0	0	0	0	0	0	0	0	0	0	0	0	0	0	0	0	0	0	0	0	0	0	0	0	0	0	0	0	0	0	0	0	0	0	0	0	0	0	0	0	0	0	0	0	0	0
40310P	0	0	0	0	0	0	0	0	0	0	0	0	0	0	0	0	0	0	0	0	0	0	0	0	0	0	0	0	0	0	0	0	0	0	0	0	0	0	0	0	0	0	0	0	0	0	0	0	0	0	0	0
4070M	157,2048	157,2048	157,2048	157,2048	157,2048	387,1896	387,1896	387,1896	387,1896	296,9424	296,9424	296,9424	296,9424	317,3208	317,3208	317,3208	317,3208	296,9424	296,9424	296,9424	296,9424	296,9424	276,564	276,564	276,564	276,564	296,9424	296,9424	296,9424	296,9424	296,9424	165,9384	165,9384	165,9384	165,9384	174,672	174,672	174,672	174,672	326,0544	326,0544	326,0544	326,0544	326,0544	337,6992	337,6992	337,6992	337,6992	468,7032	468,7032	468,7032	468,7032
4070P	0	0	0	0	0	0	0	0	0	0	0	0	0	0	0	0	0	0	0	0	0	0	0	0	0	0	0	0	0	0	0	0	0	0	0	0	0	0	0	0	0	0	0	0	0	0	0	0	0	0	0	0
41018M	598,8816	598,8816	598,8816	598,8816	598,8816	1475,0232	1475,0232	1475,0232	1475,0232	1131,2208	1131,2208	1131,2208	1131,2208	1208,8536	1208,8536	1208,8536	1208,8536	1131,2208	1131,2208	1131,2208	1131,2208	1131,2208	1053,588	1053,588	1053,588	1053,588	1131,2208	1131,2208	1131,2208	1131,2208	1131,2208	632,1528	632,1528	632,1528	632,1528	665,424	665,424	665,424	665,424	1242,1248	1242,1248	1242,1248	1242,1248	1242,1248	1286,4864	1286,4864	1286,4864	1286,4864	1785,5544	1785,5544	1785,5544	1785,5544
41018P	0	0	0	0	0	0	0	0	0	0	0	0	0	0	0	0	0	0	0	0	0	0	0	0	0	0	0	0	0	0	0	0	0	0	0	0	0	0	0	0	0	0	0	0	0	0	0	0	0	0	0	0
04112A	0	0	0	0	0	0	0	0	0	0	0	0	0	0	0	0	0	0	0	0	0	0	0	0	0	0	0	0	0	0	0	0	0	0	0	0	0	0	0	0	0	0	0	0	0	0	0	0	0	0	0	0
04112P	0	0	0	0	0	0	0	0	0	0	0	0	0	0	0	0	0	0	0	0	0	0	0	0	0	0	0	0	0	0	0	0	0	0	0	0	0	0	0	0	0	0	0	0	0	0	0	0	0	0	0	0
41194A	0	0	0	0	0	0	0	0	0	0	0	0	0	0	0	0	0	0	0	0	0	0	0	0	0	0	0	0	0	0	0	0	0	0	0	0	0	0	0	0	0	0	0	0	0	0	0	0	0	0	0	0
41194P	0	0	0	0	0	0	0	0	0	0	0	0	0	0	0	0	0	0	0	0	0	0	0	0	0	0	0	0	0	0	0	0	0	0	0	0	0	0	0	0	0	0	0	0	0	0	0	0	0	0	0	0
41269M	167,8968	167,8968	167,8968	167,8968	167,8968	413,5236	413,5236	413,5236	413,5236	317,1384	317,1384	317,1384	317,1384	338,9028	338,9028	338,9028	338,9028	317,1384	317,1384	317,1384	317,1384	317,1384	295,374	295,374	295,374	295,374	317,1384	317,1384	317,1384	317,1384	317,1384	177,2244	177,2244	177,2244	177,2244	186,552	186,552	186,552	186,552	348,2304	348,2304	348,2304	348,2304	348,2304	360,6672	360,6672	360,6672	360,6672	500,5812	500,5812	500,5812	500,5812
41269P	0	0	0	0	0	0	0	0	0	0	0	0	0	0	0	0	0	0	0	0	0	0	0	0	0	0	0	0	0	0	0	0	0	0	0	0	0	0	0	0	0	0	0	0	0	0	0	0	0	0	0	0
04209A	0	0	0	0	0	0	0	0	0	0	0	0	0	0	0	0	0	0	0	0	0	0	0	0	0	0	0	0	0	0	0	0	0	0	0	0	0	0	0	0	0	0	0	0	0	0	0	0	0	0	0	0
04209P	0	0	0	0	0	0	0	0	0	0	0	0	0	0	0	0	0	0	0	0	0	0	0	0	0	0	0	0	0	0	0	0	0	0	0	0	0	0	0	0	0	0	0	0	0	0	0	0	0	0	0	0
42147M	133,0344	133,0344	133,0344	133,0344	133,0344	327,6588	327,6588	327,6588	327,6588	251,2872	251,2872	251,2872	251,2872	268,5324	268,5324	268,5324	268,5324	251,2872	251,2872	251,2872	251,2872	251,2872	234,042	234,042	234,042	234,042	251,2872	251,2872	251,2872	251,2872	251,2872	140,4252	140,4252	140,4252	140,4252	147,816	147,816	147,816	147,816	275,9232	275,9232	275,9232	275,9232	275,9232	285,7776	285,7776	285,7776	285,7776	396,6396	396,6396	396,6396	396,6396
42147P	0	0	0	0	0	0	0	0	0	0	0	0	0	0	0	0	0	0	0	0	0	0	0	0	0	0	0	0	0	0	0	0	0	0	0	0	0	0	0	0	0	0	0	0	0	0	0	0	0	0	0	0
42187M	429,948	429,948	429,948	429,948	429,948	1058,946	1058,946	1058,946	1058,946	812,124	812,124	812,124	812,124	867,858	867,858	867,858	867,858	812,124	812,124	812,124	812,124	812,124	756,39	756,39	756,39	756,39	812,124	812,124	812,124	812,124	812,124	453,834	453,834	453,834	453,834	477,72	477,72	477,72	477,72	891,744	891,744	891,744	891,744	891,744	923,592	923,592	923,592	923,592	1281,882	1281,882	1281,882	1281,882
42187P	0	0	0	0	0	0	0	0	0	0	0	0	0	0	0	0	0	0	0	0	0	0	0	0	0	0	0	0	0	0	0	0	0	0	0	0	0	0	0	0	0	0	0	0	0	0	0	0	0	0	0	0
42218A	0	0	0	0	0	0	0	0	0	0	0	0	0	0	0	0	0	0	0	0	0	0	0	0	0	0	0	0	0	0	0	0	0	0	0	0	0	0	0	0	0	0	0	0	0	0	0	0	0	0	0	0
42218M	1528,0488	1528,0488	1528,0488	1528,0488	1528,0488	3763,5276	3763,5276	3763,5276	3763,5276	2886,3144	2886,3144	2886,3144	2886,3144	3084,3948	3084,3948	3084,3948	3084,3948	2886,3144	2886,3144	2886,3144	2886,3144	2886,3144	2688,234	2688,234	2688,234	2688,234	2886,3144	2886,3144	2886,3144	2886,3144	2886,3144	1612,9404	1612,9404	1612,9404	1612,9404	1697,832	1697,832	1697,832	1697,832	3169,2864	3169,2864	3169,2864	3169,2864	3169,2864	3282,4752	3282,4752	3282,4752	3282,4752	4555,8492	4555,8492	4555,8492	4555,8492
42218P	0	0	0	0	0	0	0	0	0	0	0	0	0	0	0	0	0	0	0	0	0	0	0	0	0	0	0	0	0	0	0	0	0	0	0	0	0	0	0	0	0	0	0	0	0	0	0	0	0	0	0	0
43157A	0	0	0	0	0	0	0	0	0	0	0	0	0	0	0	0	0	0	0	0	0	0	0	0	0	0	0	0	0	0	0	0	0	0	0	0	0	0	0	0	0	0	0	0	0	0	0	0	0	0	0	0
43157P	0	0	0	0	0	0	0	0	0	0	0	0	0	0	0	0	0	0	0	0	0	0	0	0	0	0	0	0	0	0	0	0	0	0	0	0	0	0	0	0	0	0	0	0	0	0	0	0	0	0	0	0
44109A	0	0	0	0	0	0	0	0	0	0	0	0	0	0	0	0	0	0	0	0	0	0	0	0	0	0	0	0	0	0	0	0	0	0	0	0	0	0	0	0	0	0	0	0	0	0	0	0	0	0	0	0
44109M	3705,0696	3705,0696	3705,0696	3705,0696	3705,0696	9125,4492	9125,4492	9125,4492	9125,4492	6998,4648	6998,4648	6998,4648	6998,4648	7478,7516	7478,7516	7478,7516	7478,7516	6998,4648	6998,4648	6998,4648	6998,4648	6998,4648	6518,178	6518,178	6518,178	6518,178	6998,4648	6998,4648	6998,4648	6998,4648	6998,4648	3910,9068	3910,9068	3910,9068	3910,9068	4116,744	4116,744	4116,744	4116,744	7684,5888	7684,5888	7684,5888	7684,5888	7684,5888	7959,0384	7959,0384	7959,0384	7959,0384	11046,5964	11046,5964	11046,5964	11046,5964
44109P	0	0	0	0	0	0	0	0	0	0	0	0	0	0	0	0	0	0	0	0	0	0	0	0	0	0	0	0	0	0	0	0	0	0	0	0	0	0	0	0	0	0	0	0	0	0	0	0	0	0	0	0
44184M	1079,3088	1079,3088	1079,3088	1079,3088	1079,3088	2658,2976	2658,2976	2658,2976	2658,2976	2038,6944	2038,6944	2038,6944	2038,6944	2178,6048	2178,6048	2178,6048	2178,6048	2038,6944	2038,6944	2038,6944	2038,6944	2038,6944	1898,784	1898,784	1898,784	1898,784	2038,6944	2038,6944	2038,6944	2038,6944	2038,6944	1139,2704	1139,2704	1139,2704	1139,2704	1199,232	1199,232	1199,232	1199,232	2238,5664	2238,5664	2238,5664	2238,5664	2238,5664	2318,5152	2318,5152	2318,5152	2318,5152	3217,9392	3217,9392	3217,9392	3217,9392
44184P	0	0	0	0	0	0	0	0	0	0	0	0	0	0	0	0	0	0	0	0	0	0	0	0	0	0	0	0	0	0	0	0	0	0	0	0	0	0	0	0	0	0	0	0	0	0	0	0	0	0	0	0
45208A	0	0	0	0	0	0	0	0	0	0	0	0	0	0	0	0	0	0	0	0	0	0	0	0	0	0	0	0	0	0	0	0	0	0	0	0	0	0	0	0	0	0	0	0	0	0	0	0	0	0	0	0
45208P	0	0	0	0	0	0	0	0	0	0	0	0	0	0	0	0	0	0	0	0	0	0	0	0	0	0	0	0	0	0	0	0	0	0	0	0	0	0	0	0	0	0	0	0	0	0	0	0	0	0	0	0
45234A	0	0	0	0	0	0	0	0	0	0	0	0	0	0	0	0	0	0	0	0	0	0	0	0	0	0	0	0	0	0	0	0	0	0	0	0	0	0	0	0	0	0	0	0	0	0	0	0	0	0	0	0
45234M	1303,3872	1303,3872	1303,3872	1303,3872	1303,3872	3210,1944	3210,1944	3210,1944	3210,1944	2461,9536	2461,9536	2461,9536	2461,9536	2630,9112	2630,9112	2630,9112	2630,9112	2461,9536	2461,9536	2461,9536	2461,9536	2461,9536	2292,996	2292,996	2292,996	2292,996	2461,9536	2461,9536	2461,9536	2461,9536	2461,9536	1375,7976	1375,7976	1375,7976	1375,7976	1448,208	1448,208	1448,208	1448,208	2703,3216	2703,3216	2703,3216	2703,3216	2703,3216	2799,8688	2799,8688	2799,8688	2799,8688	3886,0248	3886,0248	3886,0248	3886,0248
45234P	0	0	0	0	0	0	0	0	0	0	0	0	0	0	0	0	0	0	0	0	0	0	0	0	0	0	0	0	0	0	0	0	0	0	0	0	0	0	0	0	0	0	0	0	0	0	0	0	0	0	0	0
45252A	0	0	0	0	0	0	0	0	0	0	0	0	0	0	0	0	0	0	0	0	0	0	0	0	0	0	0	0	0	0	0	0	0	0	0	0	0	0	0	0	0	0	0	0	0	0	0	0	0	0	0	0
45252P	0	0	0	0	0	0	0	0	0	0	0	0	0	0	0	0	0	0	0	0	0	0	0	0	0	0	0	0	0	0	0	0	0	0	0	0	0	0	0	0	0	0	0	0	0	0	0	0	0	0	0	0
47001M	278,7696	278,7696	278,7696	278,7696	278,7696	686,5992	686,5992	686,5992	686,5992	526,5648	526,5648	526,5648	526,5648	562,7016	562,7016	562,7016	562,7016	526,5648	526,5648	526,5648	526,5648	526,5648	490,428	490,428	490,428	490,428	526,5648	526,5648	526,5648	526,5648	526,5648	294,2568	294,2568	294,2568	294,2568	309,744	309,744	309,744	309,744	578,1888	578,1888	578,1888	578,1888	578,1888	598,8384	598,8384	598,8384	598,8384	831,1464	831,1464	831,1464	831,1464
47001P	0	0	0	0	0	0	0	0	0	0	0	0	0	0	0	0	0	0	0	0	0	0	0	0	0	0	0	0	0	0	0	0	0	0	0	0	0	0	0	0	0	0	0	0	0	0	0	0	0	0	0	0
49007A	0	0	0	0	0	0	0	0	0	0	0	0	0	0	0	0	0	0	0	0	0	0	0	0	0	0	0	0	0	0	0	0	0	0	0	0	0	0	0	0	0	0	0	0	0	0	0	0	0	0	0	0
49007M	1262,3688	1262,3688	1262,3688	1262,3688	1262,3688	3109,1676	3109,1676	3109,1676	3109,1676	2384,4744	2384,4744	2384,4744	2384,4744	2548,1148	2548,1148	2548,1148	2548,1148	2384,4744	2384,4744	2384,4744	2384,4744	2384,4744	2220,834	2220,834	2220,834	2220,834	2384,4744	2384,4744	2384,4744	2384,4744	2384,4744	1332,5004	1332,5004	1332,5004	1332,5004	1402,632	1402,632	1402,632	1402,632	2618,2464	2618,2464	2618,2464	2618,2464	2618,2464	2711,7552	2711,7552	2711,7552	2711,7552	3763,7292	3763,7292	3763,7292	3763,7292
49007P	0	0	0	0	0	0	0	0	0	0	0	0	0	0	0	0	0	0	0	0	0	0	0	0	0	0	0	0	0	0	0	0	0	0	0	0	0	0	0	0	0	0	0	0	0	0	0	0	0	0	0	0
49099A	0	0	0	0	0	0	0	0	0	0	0	0	0	0	0	0	0	0	0	0	0	0	0	0	0	0	0	0	0	0	0	0	0	0	0	0	0	0	0	0	0	0	0	0	0	0	0	0	0	0	0	0
49099M	560,7144	560,7144	560,7144	560,7144	560,7144	1381,0188	1381,0188	1381,0188	1381,0188	1059,1272	1059,1272	1059,1272	1059,1272	1131,8124	1131,8124	1131,8124	1131,8124	1059,1272	1059,1272	1059,1272	1059,1272	1059,1272	986,442	986,442	986,442	986,442	1059,1272	1059,1272	1059,1272	1059,1272	1059,1272	591,8652	591,8652	591,8652	591,8652	623,016	623,016	623,016	623,016	1162,9632	1162,9632	1162,9632	1162,9632	1162,9632	1204,4976	1204,4976	1204,4976	1204,4976	1671,7596	1671,7596	1671,7596	1671,7596
49099P	0	0	0	0	0	0	0	0	0	0	0	0	0	0	0	0	0	0	0	0	0	0	0	0	0	0	0	0	0	0	0	0	0	0	0	0	0	0	0	0	0	0	0	0	0	0	0	0	0	0	0	0
49328M	211,8312	211,8312	211,8312	211,8312	211,8312	521,7324	521,7324	521,7324	521,7324	400,1256	400,1256	400,1256	400,1256	427,5852	427,5852	427,5852	427,5852	400,1256	400,1256	400,1256	400,1256	400,1256	372,666	372,666	372,666	372,666	400,1256	400,1256	400,1256	400,1256	400,1256	223,5996	223,5996	223,5996	223,5996	235,368	235,368	235,368	235,368	439,3536	439,3536	439,3536	439,3536	439,3536	455,0448	455,0448	455,0448	455,0448	631,5708	631,5708	631,5708	631,5708
49328P	0	0	0	0	0	0	0	0	0	0	0	0	0	0	0	0	0	0	0	0	0	0	0	0	0	0	0	0	0	0	0	0	0	0	0	0	0	0	0	0	0	0	0	0	0	0	0	0	0	0	0	0
50129A	0	0	0	0	0	0	0	0	0	0	0	0	0	0	0	0	0	0	0	0	0	0	0	0	0	0	0	0	0	0	0	0	0	0	0	0	0	0	0	0	0	0	0	0	0	0	0	0	0	0	0	0
50129M	74,3256	74,3256	74,3256	74,3256	74,3256	183,0612	183,0612	183,0612	183,0612	140,3928	140,3928	140,3928	140,3928	150,0276	150,0276	150,0276	150,0276	140,3928	140,3928	140,3928	140,3928	140,3928	130,758	130,758	130,758	130,758	140,3928	140,3928	140,3928	140,3928	140,3928	78,4548	78,4548	78,4548	78,4548	82,584	82,584	82,584	82,584	154,1568	154,1568	154,1568	154,1568	154,1568	159,6624	159,6624	159,6624	159,6624	221,6004	221,6004	221,6004	221,6004
50129P	0	0	0	0	0	0	0	0	0	0	0	0	0	0	0	0	0	0	0	0	0	0	0	0	0	0	0	0	0	0	0	0	0	0	0	0	0	0	0	0	0	0	0	0	0	0	0	0	0	0	0	0
50218M	120,7872	120,7872	120,7872	120,7872	120,7872	297,4944	297,4944	297,4944	297,4944	228,1536	228,1536	228,1536	228,1536	243,8112	243,8112	243,8112	243,8112	228,1536	228,1536	228,1536	228,1536	228,1536	212,496	212,496	212,496	212,496	228,1536	228,1536	228,1536	228,1536	228,1536	127,4976	127,4976	127,4976	127,4976	134,208	134,208	134,208	134,208	250,5216	250,5216	250,5216	250,5216	250,5216	259,4688	259,4688	259,4688	259,4688	360,1248	360,1248	360,1248	360,1248
50218P	0	0	0	0	0	0	0	0	0	0	0	0	0	0	0	0	0	0	0	0	0	0	0	0	0	0	0	0	0	0	0	0	0	0	0	0	0	0	0	0	0	0	0	0	0	0	0	0	0	0	0	0
05023A	0	0	0	0	0	0	0	0	0	0	0	0	0	0	0	0	0	0	0	0	0	0	0	0	0	0	0	0	0	0	0	0	0	0	0	0	0	0	0	0	0	0	0	0	0	0	0	0	0	0	0	0
05023P	0	0	0	0	0	0	0	0	0	0	0	0	0	0	0	0	0	0	0	0	0	0	0	0	0	0	0	0	0	0	0	0	0	0	0	0	0	0	0	0	0	0	0	0	0	0	0	0	0	0	0	0
50502M	262,5048	262,5048	262,5048	262,5048	262,5048	646,5396	646,5396	646,5396	646,5396	495,8424	495,8424	495,8424	495,8424	529,8708	529,8708	529,8708	529,8708	495,8424	495,8424	495,8424	495,8424	495,8424	461,814	461,814	461,814	461,814	495,8424	495,8424	495,8424	495,8424	495,8424	277,0884	277,0884	277,0884	277,0884	291,672	291,672	291,672	291,672	544,4544	544,4544	544,4544	544,4544	544,4544	563,8992	563,8992	563,8992	563,8992	782,6532	782,6532	782,6532	782,6532
50502P	0	0	0	0	0	0	0	0	0	0	0	0	0	0	0	0	0	0	0	0	0	0	0	0	0	0	0	0	0	0	0	0	0	0	0	0	0	0	0	0	0	0	0	0	0	0	0	0	0	0	0	0
05061A	0	0	0	0	0	0	0	0	0	0	0	0	0	0	0	0	0	0	0	0	0	0	0	0	0	0	0	0	0	0	0	0	0	0	0	0	0	0	0	0	0	0	0	0	0	0	0	0	0	0	0	0
05061P	0	0	0	0	0	0	0	0	0	0	0	0	0	0	0	0	0	0	0	0	0	0	0	0	0	0	0	0	0	0	0	0	0	0	0	0	0	0	0	0	0	0	0	0	0	0	0	0	0	0	0	0
05070A	0	0	0	0	0	0	0	0	0	0	0	0	0	0	0	0	0	0	0	0	0	0	0	0	0	0	0	0	0	0	0	0	0	0	0	0	0	0	0	0	0	0	0	0	0	0	0	0	0	0	0	0
05070P	0	0	0	0	0	0	0	0	0	0	0	0	0	0	0	0	0	0	0	0	0	0	0	0	0	0	0	0	0	0	0	0	0	0	0	0	0	0	0	0	0	0	0	0	0	0	0	0	0	0	0	0
51108A	0	0	0	0	0	0	0	0	0	0	0	0	0	0	0	0	0	0	0	0	0	0	0	0	0	0	0	0	0	0	0	0	0	0	0	0	0	0	0	0	0	0	0	0	0	0	0	0	0	0	0	0
51108P	0	0	0	0	0	0	0	0	0	0	0	0	0	0	0	0	0	0	0	0	0	0	0	0	0	0	0	0	0	0	0	0	0	0	0	0	0	0	0	0	0	0	0	0	0	0	0	0	0	0	0	0
51230M	188,568	188,568	188,568	188,568	188,568	464,436	464,436	464,436	464,436	356,184	356,184	356,184	356,184	380,628	380,628	380,628	380,628	356,184	356,184	356,184	356,184	356,184	331,74	331,74	331,74	331,74	356,184	356,184	356,184	356,184	356,184	199,044	199,044	199,044	199,044	209,52	209,52	209,52	209,52	391,104	391,104	391,104	391,104	391,104	405,072	405,072	405,072	405,072	562,212	562,212	562,212	562,212
51230P	0	0	0	0	0	0	0	0	0	0	0	0	0	0	0	0	0	0	0	0	0	0	0	0	0	0	0	0	0	0	0	0	0	0	0	0	0	0	0	0	0	0	0	0	0	0	0	0	0	0	0	0
51454A	0	0	0	0	0	0	0	0	0	0	0	0	0	0	0	0	0	0	0	0	0	0	0	0	0	0	0	0	0	0	0	0	0	0	0	0	0	0	0	0	0	0	0	0	0	0	0	0	0	0	0	0
51454M	1179,8136	1179,8136	1179,8136	1179,8136	1179,8136	2905,8372	2905,8372	2905,8372	2905,8372	2228,5368	2228,5368	2228,5368	2228,5368	2381,4756	2381,4756	2381,4756	2381,4756	2228,5368	2228,5368	2228,5368	2228,5368	2228,5368	2075,598	2075,598	2075,598	2075,598	2228,5368	2228,5368	2228,5368	2228,5368	2228,5368	1245,3588	1245,3588	1245,3588	1245,3588	1310,904	1310,904	1310,904	1310,904	2447,0208	2447,0208	2447,0208	2447,0208	2447,0208	2534,4144	2534,4144	2534,4144	2534,4144	3517,5924	3517,5924	3517,5924	3517,5924
51454P	0	0	0	0	0	0	0	0	0	0	0	0	0	0	0	0	0	0	0	0	0	0	0	0	0	0	0	0	0	0	0	0	0	0	0	0	0	0	0	0	0	0	0	0	0	0	0	0	0	0	0	0
51649A	0	0	0	0	0	0	0	0	0	0	0	0	0	0	0	0	0	0	0	0	0	0	0	0	0	0	0	0	0	0	0	0	0	0	0	0	0	0	0	0	0	0	0	0	0	0	0	0	0	0	0	0
51649P	0	0	0	0	0	0	0	0	0	0	0	0	0	0	0	0	0	0	0	0	0	0	0	0	0	0	0	0	0	0	0	0	0	0	0	0	0	0	0	0	0	0	0	0	0	0	0	0	0	0	0	0
52121M	98,8848	98,8848	98,8848	98,8848	98,8848	243,5496	243,5496	243,5496	243,5496	186,7824	186,7824	186,7824	186,7824	199,6008	199,6008	199,6008	199,6008	186,7824	186,7824	186,7824	186,7824	186,7824	173,964	173,964	173,964	173,964	186,7824	186,7824	186,7824	186,7824	186,7824	104,3784	104,3784	104,3784	104,3784	109,872	109,872	109,872	109,872	205,0944	205,0944	205,0944	205,0944	205,0944	212,4192	212,4192	212,4192	212,4192	294,8232	294,8232	294,8232	294,8232
52121P	0	0	0	0	0	0	0	0	0	0	0	0	0	0	0	0	0	0	0	0	0	0	0	0	0	0	0	0	0	0	0	0	0	0	0	0	0	0	0	0	0	0	0	0	0	0	0	0	0	0	0	0
52448M	213,9048	213,9048	213,9048	213,9048	213,9048	526,8396	526,8396	526,8396	526,8396	404,0424	404,0424	404,0424	404,0424	431,7708	431,7708	431,7708	431,7708	404,0424	404,0424	404,0424	404,0424	404,0424	376,314	376,314	376,314	376,314	404,0424	404,0424	404,0424	404,0424	404,0424	225,7884	225,7884	225,7884	225,7884	237,672	237,672	237,672	237,672	443,6544	443,6544	443,6544	443,6544	443,6544	459,4992	459,4992	459,4992	459,4992	637,7532	637,7532	637,7532	637,7532
52448P	0	0	0	0	0	0	0	0	0	0	0	0	0	0	0	0	0	0	0	0	0	0	0	0	0	0	0	0	0	0	0	0	0	0	0	0	0	0	0	0	0	0	0	0	0	0	0	0	0	0	0	0
53130M	544,1904	544,1904	544,1904	544,1904	544,1904	1340,3208	1340,3208	1340,3208	1340,3208	1027,9152	1027,9152	1027,9152	1027,9152	1098,4584	1098,4584	1098,4584	1098,4584	1027,9152	1027,9152	1027,9152	1027,9152	1027,9152	957,372	957,372	957,372	957,372	1027,9152	1027,9152	1027,9152	1027,9152	1027,9152	574,4232	574,4232	574,4232	574,4232	604,656	604,656	604,656	604,656	1128,6912	1128,6912	1128,6912	1128,6912	1128,6912	1169,0016	1169,0016	1169,0016	1169,0016	1622,4936	1622,4936	1622,4936	1622,4936
53130P	0	0	0	0	0	0	0	0	0	0	0	0	0	0	0	0	0	0	0	0	0	0	0	0	0	0	0	0	0	0	0	0	0	0	0	0	0	0	0	0	0	0	0	0	0	0	0	0	0	0	0	0
54323M	385,884	385,884	385,884	385,884	385,884	950,418	950,418	950,418	950,418	728,892	728,892	728,892	728,892	778,914	778,914	778,914	778,914	728,892	728,892	728,892	728,892	728,892	678,87	678,87	678,87	678,87	728,892	728,892	728,892	728,892	728,892	407,322	407,322	407,322	407,322	428,76	428,76	428,76	428,76	800,352	800,352	800,352	800,352	800,352	828,936	828,936	828,936	828,936	1150,506	1150,506	1150,506	1150,506
54323P	0	0	0	0	0	0	0	0	0	0	0	0	0	0	0	0	0	0	0	0	0	0	0	0	0	0	0	0	0	0	0	0	0	0	0	0	0	0	0	0	0	0	0	0	0	0	0	0	0	0	0	0
54395A	0	0	0	0	0	0	0	0	0	0	0	0	0	0	0	0	0	0	0	0	0	0	0	0	0	0	0	0	0	0	0	0	0	0	0	0	0	0	0	0	0	0	0	0	0	0	0	0	0	0	0	0
54395M	1234,3104	1234,3104	1234,3104	1234,3104	1234,3104	3040,0608	3040,0608	3040,0608	3040,0608	2331,4752	2331,4752	2331,4752	2331,4752	2491,4784	2491,4784	2491,4784	2491,4784	2331,4752	2331,4752	2331,4752	2331,4752	2331,4752	2171,472	2171,472	2171,472	2171,472	2331,4752	2331,4752	2331,4752	2331,4752	2331,4752	1302,8832	1302,8832	1302,8832	1302,8832	1371,456	1371,456	1371,456	1371,456	2560,0512	2560,0512	2560,0512	2560,0512	2560,0512	2651,4816	2651,4816	2651,4816	2651,4816	3680,0736	3680,0736	3680,0736	3680,0736
54395P	0	0	0	0	0	0	0	0	0	0	0	0	0	0	0	0	0	0	0	0	0	0	0	0	0	0	0	0	0	0	0	0	0	0	0	0	0	0	0	0	0	0	0	0	0	0	0	0	0	0	0	0
55029A	0	0	0	0	0	0	0	0	0	0	0	0	0	0	0	0	0	0	0	0	0	0	0	0	0	0	0	0	0	0	0	0	0	0	0	0	0	0	0	0	0	0	0	0	0	0	0	0	0	0	0	0
55029P	0	0	0	0	0	0	0	0	0	0	0	0	0	0	0	0	0	0	0	0	0	0	0	0	0	0	0	0	0	0	0	0	0	0	0	0	0	0	0	0	0	0	0	0	0	0	0	0	0	0	0	0
55545A	0	0	0	0	0	0	0	0	0	0	0	0	0	0	0	0	0	0	0	0	0	0	0	0	0	0	0	0	0	0	0	0	0	0	0	0	0	0	0	0	0	0	0	0	0	0	0	0	0	0	0	0
55545P	0	0	0	0	0	0	0	0	0	0	0	0	0	0	0	0	0	0	0	0	0	0	0	0	0	0	0	0	0	0	0	0	0	0	0	0	0	0	0	0	0	0	0	0	0	0	0	0	0	0	0	0
56121A	0	0	0	0	0	0	0	0	0	0	0	0	0	0	0	0	0	0	0	0	0	0	0	0	0	0	0	0	0	0	0	0	0	0	0	0	0	0	0	0	0	0	0	0	0	0	0	0	0	0	0	0
56121M	506,4768	506,4768	506,4768	506,4768	506,4768	1247,4336	1247,4336	1247,4336	1247,4336	956,6784	956,6784	956,6784	956,6784	1022,3328	1022,3328	1022,3328	1022,3328	956,6784	956,6784	956,6784	956,6784	956,6784	891,024	891,024	891,024	891,024	956,6784	956,6784	956,6784	956,6784	956,6784	534,6144	534,6144	534,6144	534,6144	562,752	562,752	562,752	562,752	1050,4704	1050,4704	1050,4704	1050,4704	1050,4704	1087,9872	1087,9872	1087,9872	1087,9872	1510,0512	1510,0512	1510,0512	1510,0512
56121P	0	0	0	0	0	0	0	0	0	0	0	0	0	0	0	0	0	0	0	0	0	0	0	0	0	0	0	0	0	0	0	0	0	0	0	0	0	0	0	0	0	0	0	0	0	0	0	0	0	0	0	0
56165M	159,4728	159,4728	159,4728	159,4728	159,4728	392,7756	392,7756	392,7756	392,7756	301,2264	301,2264	301,2264	301,2264	321,8988	321,8988	321,8988	321,8988	301,2264	301,2264	301,2264	301,2264	301,2264	280,554	280,554	280,554	280,554	301,2264	301,2264	301,2264	301,2264	301,2264	168,3324	168,3324	168,3324	168,3324	177,192	177,192	177,192	177,192	330,7584	330,7584	330,7584	330,7584	330,7584	342,5712	342,5712	342,5712	342,5712	475,4652	475,4652	475,4652	475,4652
56165P	0	0	0	0	0	0	0	0	0	0	0	0	0	0	0	0	0	0	0	0	0	0	0	0	0	0	0	0	0	0	0	0	0	0	0	0	0	0	0	0	0	0	0	0	0	0	0	0	0	0	0	0
56260M	741,7656	741,7656	741,7656	741,7656	741,7656	1826,9412	1826,9412	1826,9412	1826,9412	1401,1128	1401,1128	1401,1128	1401,1128	1497,2676	1497,2676	1497,2676	1497,2676	1401,1128	1401,1128	1401,1128	1401,1128	1401,1128	1304,958	1304,958	1304,958	1304,958	1401,1128	1401,1128	1401,1128	1401,1128	1401,1128	782,9748	782,9748	782,9748	782,9748	824,184	824,184	824,184	824,184	1538,4768	1538,4768	1538,4768	1538,4768	1538,4768	1593,4224	1593,4224	1593,4224	1593,4224	2211,5604	2211,5604	2211,5604	2211,5604
56260P	0	0	0	0	0	0	0	0	0	0	0	0	0	0	0	0	0	0	0	0	0	0	0	0	0	0	0	0	0	0	0	0	0	0	0	0	0	0	0	0	0	0	0	0	0	0	0	0	0	0	0	0
57227A	0	0	0	0	0	0	0	0	0	0	0	0	0	0	0	0	0	0	0	0	0	0	0	0	0	0	0	0	0	0	0	0	0	0	0	0	0	0	0	0	0	0	0	0	0	0	0	0	0	0	0	0
57227M	54	54	54	54	54	133	133	133	133	102	102	102	102	109	109	109	109	102	102	102	102	102	95	95	95	95	102	102	102	102	102	57	57	57	57	60	60	60	60	112	112	112	112	112	116	116	116	116	161	161	161	161
57227P	0	0	0	0	0	0	0	0	0	0	0	0	0	0	0	0	0	0	0	0	0	0	0	0	0	0	0	0	0	0	0	0	0	0	0	0	0	0	0	0	0	0	0	0	0	0	0	0	0	0	0	0
57463M	2300,2056	2300,2056	2300,2056	2300,2056	2300,2056	5665,3212	5665,3212	5665,3212	5665,3212	4344,8328	4344,8328	4344,8328	4344,8328	4643,0076	4643,0076	4643,0076	4643,0076	4344,8328	4344,8328	4344,8328	4344,8328	4344,8328	4046,658	4046,658	4046,658	4046,658	4344,8328	4344,8328	4344,8328	4344,8328	4344,8328	2427,9948	2427,9948	2427,9948	2427,9948	2555,784	2555,784	2555,784	2555,784	4770,7968	4770,7968	4770,7968	4770,7968	4770,7968	4941,1824	4941,1824	4941,1824	4941,1824	6858,0204	6858,0204	6858,0204	6858,0204
57463P	0	0	0	0	0	0	0	0	0	0	0	0	0	0	0	0	0	0	0	0	0	0	0	0	0	0	0	0	0	0	0	0	0	0	0	0	0	0	0	0	0	0	0	0	0	0	0	0	0	0	0	0
57630M	142,3656	142,3656	142,3656	142,3656	142,3656	350,6412	350,6412	350,6412	350,6412	268,9128	268,9128	268,9128	268,9128	287,3676	287,3676	287,3676	287,3676	268,9128	268,9128	268,9128	268,9128	268,9128	250,458	250,458	250,458	250,458	268,9128	268,9128	268,9128	268,9128	268,9128	150,2748	150,2748	150,2748	150,2748	158,184	158,184	158,184	158,184	295,2768	295,2768	295,2768	295,2768	295,2768	305,8224	305,8224	305,8224	305,8224	424,4604	424,4604	424,4604	424,4604
57630P	0	0	0	0	0	0	0	0	0	0	0	0	0	0	0	0	0	0	0	0	0	0	0	0	0	0	0	0	0	0	0	0	0	0	0	0	0	0	0	0	0	0	0	0	0	0	0	0	0	0	0	0
57631M	279,3528	279,3528	279,3528	279,3528	279,3528	688,0356	688,0356	688,0356	688,0356	527,6664	527,6664	527,6664	527,6664	563,8788	563,8788	563,8788	563,8788	527,6664	527,6664	527,6664	527,6664	527,6664	491,454	491,454	491,454	491,454	527,6664	527,6664	527,6664	527,6664	527,6664	294,8724	294,8724	294,8724	294,8724	310,392	310,392	310,392	310,392	579,3984	579,3984	579,3984	579,3984	579,3984	600,0912	600,0912	600,0912	600,0912	832,8852	832,8852	832,8852	832,8852
57631P	0	0	0	0	0	0	0	0	0	0	0	0	0	0	0	0	0	0	0	0	0	0	0	0	0	0	0	0	0	0	0	0	0	0	0	0	0	0	0	0	0	0	0	0	0	0	0	0	0	0	0	0
57672M	926,5104	926,5104	926,5104	926,5104	926,5104	2281,9608	2281,9608	2281,9608	2281,9608	1750,0752	1750,0752	1750,0752	1750,0752	1870,1784	1870,1784	1870,1784	1870,1784	1750,0752	1750,0752	1750,0752	1750,0752	1750,0752	1629,972	1629,972	1629,972	1629,972	1750,0752	1750,0752	1750,0752	1750,0752	1750,0752	977,9832	977,9832	977,9832	977,9832	1029,456	1029,456	1029,456	1029,456	1921,6512	1921,6512	1921,6512	1921,6512	1921,6512	1990,2816	1990,2816	1990,2816	1990,2816	2762,3736	2762,3736	2762,3736	2762,3736
57672P	0	0	0	0	0	0	0	0	0	0	0	0	0	0	0	0	0	0	0	0	0	0	0	0	0	0	0	0	0	0	0	0	0	0	0	0	0	0	0	0	0	0	0	0	0	0	0	0	0	0	0	0
58086M	60,588	60,588	60,588	60,588	60,588	149,226	149,226	149,226	149,226	114,444	114,444	114,444	114,444	122,298	122,298	122,298	122,298	114,444	114,444	114,444	114,444	114,444	106,59	106,59	106,59	106,59	114,444	114,444	114,444	114,444	114,444	63,954	63,954	63,954	63,954	67,32	67,32	67,32	67,32	125,664	125,664	125,664	125,664	125,664	130,152	130,152	130,152	130,152	180,642	180,642	180,642	180,642
58086P	0	0	0	0	0	0	0	0	0	0	0	0	0	0	0	0	0	0	0	0	0	0	0	0	0	0	0	0	0	0	0	0	0	0	0	0	0	0	0	0	0	0	0	0	0	0	0	0	0	0	0	0
58194A	0	0	0	0	0	0	0	0	0	0	0	0	0	0	0	0	0	0	0	0	0	0	0	0	0	0	0	0	0	0	0	0	0	0	0	0	0	0	0	0	0	0	0	0	0	0	0	0	0	0	0	0
58194P	0	0	0	0	0	0	0	0	0	0	0	0	0	0	0	0	0	0	0	0	0	0	0	0	0	0	0	0	0	0	0	0	0	0	0	0	0	0	0	0	0	0	0	0	0	0	0	0	0	0	0	0
59122A	0	0	0	0	0	0	0	0	0	0	0	0	0	0	0	0	0	0	0	0	0	0	0	0	0	0	0	0	0	0	0	0	0	0	0	0	0	0	0	0	0	0	0	0	0	0	0	0	0	0	0	0
59122P	0	0	0	0	0	0	0	0	0	0	0	0	0	0	0	0	0	0	0	0	0	0	0	0	0	0	0	0	0	0	0	0	0	0	0	0	0	0	0	0	0	0	0	0	0	0	0	0	0	0	0	0
59178A	0	0	0	0	0	0	0	0	0	0	0	0	0	0	0	0	0	0	0	0	0	0	0	0	0	0	0	0	0	0	0	0	0	0	0	0	0	0	0	0	0	0	0	0	0	0	0	0	0	0	0	0
59178M	664,4592	664,4592	664,4592	664,4592	664,4592	1636,5384	1636,5384	1636,5384	1636,5384	1255,0896	1255,0896	1255,0896	1255,0896	1341,2232	1341,2232	1341,2232	1341,2232	1255,0896	1255,0896	1255,0896	1255,0896	1255,0896	1168,956	1168,956	1168,956	1168,956	1255,0896	1255,0896	1255,0896	1255,0896	1255,0896	701,3736	701,3736	701,3736	701,3736	738,288	738,288	738,288	738,288	1378,1376	1378,1376	1378,1376	1378,1376	1378,1376	1427,3568	1427,3568	1427,3568	1427,3568	1981,0728	1981,0728	1981,0728	1981,0728
59178P	0	0	0	0	0	0	0	0	0	0	0	0	0	0	0	0	0	0	0	0	0	0	0	0	0	0	0	0	0	0	0	0	0	0	0	0	0	0	0	0	0	0	0	0	0	0	0	0	0	0	0	0
59183A	0	0	0	0	0	0	0	0	0	0	0	0	0	0	0	0	0	0	0	0	0	0	0	0	0	0	0	0	0	0	0	0	0	0	0	0	0	0	0	0	0	0	0	0	0	0	0	0	0	0	0	0
59183P	0	0	0	0	0	0	0	0	0	0	0	0	0	0	0	0	0	0	0	0	0	0	0	0	0	0	0	0	0	0	0	0	0	0	0	0	0	0	0	0	0	0	0	0	0	0	0	0	0	0	0	0
59350A	0	0	0	0	0	0	0	0	0	0	0	0	0	0	0	0	0	0	0	0	0	0	0	0	0	0	0	0	0	0	0	0	0	0	0	0	0	0	0	0	0	0	0	0	0	0	0	0	0	0	0	0
59350M	3373,4232	3373,4232	3373,4232	3373,4232	3373,4232	8308,6164	8308,6164	8308,6164	8308,6164	6372,0216	6372,0216	6372,0216	6372,0216	6809,3172	6809,3172	6809,3172	6809,3172	6372,0216	6372,0216	6372,0216	6372,0216	6372,0216	5934,726	5934,726	5934,726	5934,726	6372,0216	6372,0216	6372,0216	6372,0216	6372,0216	3560,8356	3560,8356	3560,8356	3560,8356	3748,248	3748,248	3748,248	3748,248	6996,7296	6996,7296	6996,7296	6996,7296	6996,7296	7246,6128	7246,6128	7246,6128	7246,6128	10057,7988	10057,7988	10057,7988	10057,7988
59350P	0	0	0	0	0	0	0	0	0	0	0	0	0	0	0	0	0	0	0	0	0	0	0	0	0	0	0	0	0	0	0	0	0	0	0	0	0	0	0	0	0	0	0	0	0	0	0	0	0	0	0	0
59392M	348,5592	348,5592	348,5592	348,5592	348,5592	858,4884	858,4884	858,4884	858,4884	658,3896	658,3896	658,3896	658,3896	703,5732	703,5732	703,5732	703,5732	658,3896	658,3896	658,3896	658,3896	658,3896	613,206	613,206	613,206	613,206	658,3896	658,3896	658,3896	658,3896	658,3896	367,9236	367,9236	367,9236	367,9236	387,288	387,288	387,288	387,288	722,9376	722,9376	722,9376	722,9376	722,9376	748,7568	748,7568	748,7568	748,7568	1039,2228	1039,2228	1039,2228	1039,2228
59392P	0	0	0	0	0	0	0	0	0	0	0	0	0	0	0	0	0	0	0	0	0	0	0	0	0	0	0	0	0	0	0	0	0	0	0	0	0	0	0	0	0	0	0	0	0	0	0	0	0	0	0	0
59606M	966,492	966,492	966,492	966,492	966,492	2380,434	2380,434	2380,434	2380,434	1825,596	1825,596	1825,596	1825,596	1950,882	1950,882	1950,882	1950,882	1825,596	1825,596	1825,596	1825,596	1825,596	1700,31	1700,31	1700,31	1700,31	1825,596	1825,596	1825,596	1825,596	1825,596	1020,186	1020,186	1020,186	1020,186	1073,88	1073,88	1073,88	1073,88	2004,576	2004,576	2004,576	2004,576	2004,576	2076,168	2076,168	2076,168	2076,168	2881,578	2881,578	2881,578	2881,578
59606P	0	0	0	0	0	0	0	0	0	0	0	0	0	0	0	0	0	0	0	0	0	0	0	0	0	0	0	0	0	0	0	0	0	0	0	0	0	0	0	0	0	0	0	0	0	0	0	0	0	0	0	0
60057M	621,4968	621,4968	621,4968	621,4968	621,4968	1530,7236	1530,7236	1530,7236	1530,7236	1173,9384	1173,9384	1173,9384	1173,9384	1254,5028	1254,5028	1254,5028	1254,5028	1173,9384	1173,9384	1173,9384	1173,9384	1173,9384	1093,374	1093,374	1093,374	1093,374	1173,9384	1173,9384	1173,9384	1173,9384	1173,9384	656,0244	656,0244	656,0244	656,0244	690,552	690,552	690,552	690,552	1289,0304	1289,0304	1289,0304	1289,0304	1289,0304	1335,0672	1335,0672	1335,0672	1335,0672	1852,9812	1852,9812	1852,9812	1852,9812
60057P	0	0	0	0	0	0	0	0	0	0	0	0	0	0	0	0	0	0	0	0	0	0	0	0	0	0	0	0	0	0	0	0	0	0	0	0	0	0	0	0	0	0	0	0	0	0	0	0	0	0	0	0
60159M	1633,8024	1633,8024	1633,8024	1633,8024	1633,8024	4023,9948	4023,9948	4023,9948	4023,9948	3086,0712	3086,0712	3086,0712	3086,0712	3297,8604	3297,8604	3297,8604	3297,8604	3086,0712	3086,0712	3086,0712	3086,0712	3086,0712	2874,282	2874,282	2874,282	2874,282	3086,0712	3086,0712	3086,0712	3086,0712	3086,0712	1724,5692	1724,5692	1724,5692	1724,5692	1815,336	1815,336	1815,336	1815,336	3388,6272	3388,6272	3388,6272	3388,6272	3388,6272	3509,6496	3509,6496	3509,6496	3509,6496	4871,1516	4871,1516	4871,1516	4871,1516
60159P	0	0	0	0	0	0	0	0	0	0	0	0	0	0	0	0	0	0	0	0	0	0	0	0	0	0	0	0	0	0	0	0	0	0	0	0	0	0	0	0	0	0	0	0	0	0	0	0	0	0	0	0
06029A	0	0	0	0	0	0	0	0	0	0	0	0	0	0	0	0	0	0	0	0	0	0	0	0	0	0	0	0	0	0	0	0	0	0	0	0	0	0	0	0	0	0	0	0	0	0	0	0	0	0	0	0
06029M	855,36	855,36	855,36	855,36	855,36	2106,72	2106,72	2106,72	2106,72	1615,68	1615,68	1615,68	1615,68	1726,56	1726,56	1726,56	1726,56	1615,68	1615,68	1615,68	1615,68	1615,68	1504,8	1504,8	1504,8	1504,8	1615,68	1615,68	1615,68	1615,68	1615,68	902,88	902,88	902,88	902,88	950,4	950,4	950,4	950,4	1774,08	1774,08	1774,08	1774,08	1774,08	1837,44	1837,44	1837,44	1837,44	2550,24	2550,24	2550,24	2550,24
06029P	0	0	0	0	0	0	0	0	0	0	0	0	0	0	0	0	0	0	0	0	0	0	0	0	0	0	0	0	0	0	0	0	0	0	0	0	0	0	0	0	0	0	0	0	0	0	0	0	0	0	0	0
06088A	0	0	0	0	0	0	0	0	0	0	0	0	0	0	0	0	0	0	0	0	0	0	0	0	0	0	0	0	0	0	0	0	0	0	0	0	0	0	0	0	0	0	0	0	0	0	0	0	0	0	0	0
06088M	3196,9728	3196,9728	3196,9728	3196,9728	3196,9728	7874,0256	7874,0256	7874,0256	7874,0256	6038,7264	6038,7264	6038,7264	6038,7264	6453,1488	6453,1488	6453,1488	6453,1488	6038,7264	6038,7264	6038,7264	6038,7264	6038,7264	5624,304	5624,304	5624,304	5624,304	6038,7264	6038,7264	6038,7264	6038,7264	6038,7264	3374,5824	3374,5824	3374,5824	3374,5824	3552,192	3552,192	3552,192	3552,192	6630,7584	6630,7584	6630,7584	6630,7584	6630,7584	6867,5712	6867,5712	6867,5712	6867,5712	9531,7152	9531,7152	9531,7152	9531,7152
06088P	0	0	0	0	0	0	0	0	0	0	0	0	0	0	0	0	0	0	0	0	0	0	0	0	0	0	0	0	0	0	0	0	0	0	0	0	0	0	0	0	0	0	0	0	0	0	0	0	0	0	0	0
61001M	132,192	132,192	132,192	132,192	132,192	325,584	325,584	325,584	325,584	249,696	249,696	249,696	249,696	266,832	266,832	266,832	266,832	249,696	249,696	249,696	249,696	249,696	232,56	232,56	232,56	232,56	249,696	249,696	249,696	249,696	249,696	139,536	139,536	139,536	139,536	146,88	146,88	146,88	146,88	274,176	274,176	274,176	274,176	274,176	283,968	283,968	283,968	283,968	394,128	394,128	394,128	394,128
61001P	0	0	0	0	0	0	0	0	0	0	0	0	0	0	0	0	0	0	0	0	0	0	0	0	0	0	0	0	0	0	0	0	0	0	0	0	0	0	0	0	0	0	0	0	0	0	0	0	0	0	0	0
61006A	0	0	0	0	0	0	0	0	0	0	0	0	0	0	0	0	0	0	0	0	0	0	0	0	0	0	0	0	0	0	0	0	0	0	0	0	0	0	0	0	0	0	0	0	0	0	0	0	0	0	0	0
61006P	0	0	0	0	0	0	0	0	0	0	0	0	0	0	0	0	0	0	0	0	0	0	0	0	0	0	0	0	0	0	0	0	0	0	0	0	0	0	0	0	0	0	0	0	0	0	0	0	0	0	0	0
62041M	265,032	265,032	265,032	265,032	265,032	652,764	652,764	652,764	652,764	500,616	500,616	500,616	500,616	534,972	534,972	534,972	534,972	500,616	500,616	500,616	500,616	500,616	466,26	466,26	466,26	466,26	500,616	500,616	500,616	500,616	500,616	279,756	279,756	279,756	279,756	294,48	294,48	294,48	294,48	549,696	549,696	549,696	549,696	549,696	569,328	569,328	569,328	569,328	790,188	790,188	790,188	790,188
62041P	0	0	0	0	0	0	0	0	0	0	0	0	0	0	0	0	0	0	0	0	0	0	0	0	0	0	0	0	0	0	0	0	0	0	0	0	0	0	0	0	0	0	0	0	0	0	0	0	0	0	0	0
62119A	0	0	0	0	0	0	0	0	0	0	0	0	0	0	0	0	0	0	0	0	0	0	0	0	0	0	0	0	0	0	0	0	0	0	0	0	0	0	0	0	0	0	0	0	0	0	0	0	0	0	0	0
62119P	0	0	0	0	0	0	0	0	0	0	0	0	0	0	0	0	0	0	0	0	0	0	0	0	0	0	0	0	0	0	0	0	0	0	0	0	0	0	0	0	0	0	0	0	0	0	0	0	0	0	0	0
62160M	250,2576	250,2576	250,2576	250,2576	250,2576	616,3752	616,3752	616,3752	616,3752	472,7088	472,7088	472,7088	472,7088	505,1496	505,1496	505,1496	505,1496	472,7088	472,7088	472,7088	472,7088	472,7088	440,268	440,268	440,268	440,268	472,7088	472,7088	472,7088	472,7088	472,7088	264,1608	264,1608	264,1608	264,1608	278,064	278,064	278,064	278,064	519,0528	519,0528	519,0528	519,0528	519,0528	537,5904	537,5904	537,5904	537,5904	746,1384	746,1384	746,1384	746,1384
62160P	0	0	0	0	0	0	0	0	0	0	0	0	0	0	0	0	0	0	0	0	0	0	0	0	0	0	0	0	0	0	0	0	0	0	0	0	0	0	0	0	0	0	0	0	0	0	0	0	0	0	0	0
62193M	596,4192	596,4192	596,4192	596,4192	596,4192	1468,9584	1468,9584	1468,9584	1468,9584	1126,5696	1126,5696	1126,5696	1126,5696	1203,8832	1203,8832	1203,8832	1203,8832	1126,5696	1126,5696	1126,5696	1126,5696	1126,5696	1049,256	1049,256	1049,256	1049,256	1126,5696	1126,5696	1126,5696	1126,5696	1126,5696	629,5536	629,5536	629,5536	629,5536	662,688	662,688	662,688	662,688	1237,0176	1237,0176	1237,0176	1237,0176	1237,0176	1281,1968	1281,1968	1281,1968	1281,1968	1778,2128	1778,2128	1778,2128	1778,2128
62193P	0	0	0	0	0	0	0	0	0	0	0	0	0	0	0	0	0	0	0	0	0	0	0	0	0	0	0	0	0	0	0	0	0	0	0	0	0	0	0	0	0	0	0	0	0	0	0	0	0	0	0	0
62498M	676,9008	676,9008	676,9008	676,9008	676,9008	1667,1816	1667,1816	1667,1816	1667,1816	1278,5904	1278,5904	1278,5904	1278,5904	1366,3368	1366,3368	1366,3368	1366,3368	1278,5904	1278,5904	1278,5904	1278,5904	1278,5904	1190,844	1190,844	1190,844	1190,844	1278,5904	1278,5904	1278,5904	1278,5904	1278,5904	714,5064	714,5064	714,5064	714,5064	752,112	752,112	752,112	752,112	1403,9424	1403,9424	1403,9424	1403,9424	1403,9424	1454,0832	1454,0832	1454,0832	1454,0832	2018,1672	2018,1672	2018,1672	2018,1672
62498P	0	0	0	0	0	0	0	0	0	0	0	0	0	0	0	0	0	0	0	0	0	0	0	0	0	0	0	0	0	0	0	0	0	0	0	0	0	0	0	0	0	0	0	0	0	0	0	0	0	0	0	0
62765M	386,7264	386,7264	386,7264	386,7264	386,7264	952,4928	952,4928	952,4928	952,4928	730,4832	730,4832	730,4832	730,4832	780,6144	780,6144	780,6144	780,6144	730,4832	730,4832	730,4832	730,4832	730,4832	680,352	680,352	680,352	680,352	730,4832	730,4832	730,4832	730,4832	730,4832	408,2112	408,2112	408,2112	408,2112	429,696	429,696	429,696	429,696	802,0992	802,0992	802,0992	802,0992	802,0992	830,7456	830,7456	830,7456	830,7456	1153,0176	1153,0176	1153,0176	1153,0176
62765P	0	0	0	0	0	0	0	0	0	0	0	0	0	0	0	0	0	0	0	0	0	0	0	0	0	0	0	0	0	0	0	0	0	0	0	0	0	0	0	0	0	0	0	0	0	0	0	0	0	0	0	0
63113A	0	0	0	0	0	0	0	0	0	0	0	0	0	0	0	0	0	0	0	0	0	0	0	0	0	0	0	0	0	0	0	0	0	0	0	0	0	0	0	0	0	0	0	0	0	0	0	0	0	0	0	0
63113P	0	0	0	0	0	0	0	0	0	0	0	0	0	0	0	0	0	0	0	0	0	0	0	0	0	0	0	0	0	0	0	0	0	0	0	0	0	0	0	0	0	0	0	0	0	0	0	0	0	0	0	0
63178A	0	0	0	0	0	0	0	0	0	0	0	0	0	0	0	0	0	0	0	0	0	0	0	0	0	0	0	0	0	0	0	0	0	0	0	0	0	0	0	0	0	0	0	0	0	0	0	0	0	0	0	0
63178P	0	0	0	0	0	0	0	0	0	0	0	0	0	0	0	0	0	0	0	0	0	0	0	0	0	0	0	0	0	0	0	0	0	0	0	0	0	0	0	0	0	0	0	0	0	0	0	0	0	0	0	0
64102A	0	0	0	0	0	0	0	0	0	0	0	0	0	0	0	0	0	0	0	0	0	0	0	0	0	0	0	0	0	0	0	0	0	0	0	0	0	0	0	0	0	0	0	0	0	0	0	0	0	0	0	0
64102M	327,4344	327,4344	327,4344	327,4344	327,4344	806,4588	806,4588	806,4588	806,4588	618,4872	618,4872	618,4872	618,4872	660,9324	660,9324	660,9324	660,9324	618,4872	618,4872	618,4872	618,4872	618,4872	576,042	576,042	576,042	576,042	618,4872	618,4872	618,4872	618,4872	618,4872	345,6252	345,6252	345,6252	345,6252	363,816	363,816	363,816	363,816	679,1232	679,1232	679,1232	679,1232	679,1232	703,3776	703,3776	703,3776	703,3776	976,2396	976,2396	976,2396	976,2396
64102P	0	0	0	0	0	0	0	0	0	0	0	0	0	0	0	0	0	0	0	0	0	0	0	0	0	0	0	0	0	0	0	0	0	0	0	0	0	0	0	0	0	0	0	0	0	0	0	0	0	0	0	0
64445A	0	0	0	0	0	0	0	0	0	0	0	0	0	0	0	0	0	0	0	0	0	0	0	0	0	0	0	0	0	0	0	0	0	0	0	0	0	0	0	0	0	0	0	0	0	0	0	0	0	0	0	0
64445P	0	0	0	0	0	0	0	0	0	0	0	0	0	0	0	0	0	0	0	0	0	0	0	0	0	0	0	0	0	0	0	0	0	0	0	0	0	0	0	0	0	0	0	0	0	0	0	0	0	0	0	0
65440A	0	0	0	0	0	0	0	0	0	0	0	0	0	0	0	0	0	0	0	0	0	0	0	0	0	0	0	0	0	0	0	0	0	0	0	0	0	0	0	0	0	0	0	0	0	0	0	0	0	0	0	0
65440P	0	0	0	0	0	0	0	0	0	0	0	0	0	0	0	0	0	0	0	0	0	0	0	0	0	0	0	0	0	0	0	0	0	0	0	0	0	0	0	0	0	0	0	0	0	0	0	0	0	0	0	0
66136A	0	0	0	0	0	0	0	0	0	0	0	0	0	0	0	0	0	0	0	0	0	0	0	0	0	0	0	0	0	0	0	0	0	0	0	0	0	0	0	0	0	0	0	0	0	0	0	0	0	0	0	0
66136M	1466,9424	1466,9424	1466,9424	1466,9424	1466,9424	3613,0248	3613,0248	3613,0248	3613,0248	2770,8912	2770,8912	2770,8912	2770,8912	2961,0504	2961,0504	2961,0504	2961,0504	2770,8912	2770,8912	2770,8912	2770,8912	2770,8912	2580,732	2580,732	2580,732	2580,732	2770,8912	2770,8912	2770,8912	2770,8912	2770,8912	1548,4392	1548,4392	1548,4392	1548,4392	1629,936	1629,936	1629,936	1629,936	3042,5472	3042,5472	3042,5472	3042,5472	3042,5472	3151,2096	3151,2096	3151,2096	3151,2096	4373,6616	4373,6616	4373,6616	4373,6616
66136P	0	0	0	0	0	0	0	0	0	0	0	0	0	0	0	0	0	0	0	0	0	0	0	0	0	0	0	0	0	0	0	0	0	0	0	0	0	0	0	0	0	0	0	0	0	0	0	0	0	0	0	0
67180A	0	0	0	0	0	0	0	0	0	0	0	0	0	0	0	0	0	0	0	0	0	0	0	0	0	0	0	0	0	0	0	0	0	0	0	0	0	0	0	0	0	0	0	0	0	0	0	0	0	0	0	0
67180P	0	0	0	0	0	0	0	0	0	0	0	0	0	0	0	0	0	0	0	0	0	0	0	0	0	0	0	0	0	0	0	0	0	0	0	0	0	0	0	0	0	0	0	0	0	0	0	0	0	0	0	0
67437M	84,7584	84,7584	84,7584	84,7584	84,7584	208,7568	208,7568	208,7568	208,7568	160,0992	160,0992	160,0992	160,0992	171,0864	171,0864	171,0864	171,0864	160,0992	160,0992	160,0992	160,0992	160,0992	149,112	149,112	149,112	149,112	160,0992	160,0992	160,0992	160,0992	160,0992	89,4672	89,4672	89,4672	89,4672	94,176	94,176	94,176	94,176	175,7952	175,7952	175,7952	175,7952	175,7952	182,0736	182,0736	182,0736	182,0736	252,7056	252,7056	252,7056	252,7056
67437P	0	0	0	0	0	0	0	0	0	0	0	0	0	0	0	0	0	0	0	0	0	0	0	0	0	0	0	0	0	0	0	0	0	0	0	0	0	0	0	0	0	0	0	0	0	0	0	0	0	0	0	0
67482A	0	0	0	0	0	0	0	0	0	0	0	0	0	0	0	0	0	0	0	0	0	0	0	0	0	0	0	0	0	0	0	0	0	0	0	0	0	0	0	0	0	0	0	0	0	0	0	0	0	0	0	0
67482M	1691,928	1691,928	1691,928	1691,928	1691,928	4167,156	4167,156	4167,156	4167,156	3195,864	3195,864	3195,864	3195,864	3415,188	3415,188	3415,188	3415,188	3195,864	3195,864	3195,864	3195,864	3195,864	2976,54	2976,54	2976,54	2976,54	3195,864	3195,864	3195,864	3195,864	3195,864	1785,924	1785,924	1785,924	1785,924	1879,92	1879,92	1879,92	1879,92	3509,184	3509,184	3509,184	3509,184	3509,184	3634,512	3634,512	3634,512	3634,512	5044,452	5044,452	5044,452	5044,452
67482P	0	0	0	0	0	0	0	0	0	0	0	0	0	0	0	0	0	0	0	0	0	0	0	0	0	0	0	0	0	0	0	0	0	0	0	0	0	0	0	0	0	0	0	0	0	0	0	0	0	0	0	0
68066A	0	0	0	0	0	0	0	0	0	0	0	0	0	0	0	0	0	0	0	0	0	0	0	0	0	0	0	0	0	0	0	0	0	0	0	0	0	0	0	0	0	0	0	0	0	0	0	0	0	0	0	0
68066M	236,1312	236,1312	236,1312	236,1312	236,1312	581,5824	581,5824	581,5824	581,5824	446,0256	446,0256	446,0256	446,0256	476,6352	476,6352	476,6352	476,6352	446,0256	446,0256	446,0256	446,0256	446,0256	415,416	415,416	415,416	415,416	446,0256	446,0256	446,0256	446,0256	446,0256	249,2496	249,2496	249,2496	249,2496	262,368	262,368	262,368	262,368	489,7536	489,7536	489,7536	489,7536	489,7536	507,2448	507,2448	507,2448	507,2448	704,0208	704,0208	704,0208	704,0208
68066P	0	0	0	0	0	0	0	0	0	0	0	0	0	0	0	0	0	0	0	0	0	0	0	0	0	0	0	0	0	0	0	0	0	0	0	0	0	0	0	0	0	0	0	0	0	0	0	0	0	0	0	0
68224A	0	0	0	0	0	0	0	0	0	0	0	0	0	0	0	0	0	0	0	0	0	0	0	0	0	0	0	0	0	0	0	0	0	0	0	0	0	0	0	0	0	0	0	0	0	0	0	0	0	0	0	0
68224M	1139,7672	1139,7672	1139,7672	1139,7672	1139,7672	2807,2044	2807,2044	2807,2044	2807,2044	2152,8936	2152,8936	2152,8936	2152,8936	2300,6412	2300,6412	2300,6412	2300,6412	2152,8936	2152,8936	2152,8936	2152,8936	2152,8936	2005,146	2005,146	2005,146	2005,146	2152,8936	2152,8936	2152,8936	2152,8936	2152,8936	1203,0876	1203,0876	1203,0876	1203,0876	1266,408	1266,408	1266,408	1266,408	2363,9616	2363,9616	2363,9616	2363,9616	2363,9616	2448,3888	2448,3888	2448,3888	2448,3888	3398,1948	3398,1948	3398,1948	3398,1948
68224P	0	0	0	0	0	0	0	0	0	0	0	0	0	0	0	0	0	0	0	0	0	0	0	0	0	0	0	0	0	0	0	0	0	0	0	0	0	0	0	0	0	0	0	0	0	0	0	0	0	0	0	0
68297A	0	0	0	0	0	0	0	0	0	0	0	0	0	0	0	0	0	0	0	0	0	0	0	0	0	0	0	0	0	0	0	0	0	0	0	0	0	0	0	0	0	0	0	0	0	0	0	0	0	0	0	0
68297P	0	0	0	0	0	0	0	0	0	0	0	0	0	0	0	0	0	0	0	0	0	0	0	0	0	0	0	0	0	0	0	0	0	0	0	0	0	0	0	0	0	0	0	0	0	0	0	0	0	0	0	0
69123A	0	0	0	0	0	0	0	0	0	0	0	0	0	0	0	0	0	0	0	0	0	0	0	0	0	0	0	0	0	0	0	0	0	0	0	0	0	0	0	0	0	0	0	0	0	0	0	0	0	0	0	0
69123M	4202,928	4202,928	4202,928	4202,928	4202,928	10351,656	10351,656	10351,656	10351,656	7938,864	7938,864	7938,864	7938,864	8483,688	8483,688	8483,688	8483,688	7938,864	7938,864	7938,864	7938,864	7938,864	7394,04	7394,04	7394,04	7394,04	7938,864	7938,864	7938,864	7938,864	7938,864	4436,424	4436,424	4436,424	4436,424	4669,92	4669,92	4669,92	4669,92	8717,184	8717,184	8717,184	8717,184	8717,184	9028,512	9028,512	9028,512	9028,512	12530,952	12530,952	12530,952	12530,952
69123P	0	0	0	0	0	0	0	0	0	0	0	0	0	0	0	0	0	0	0	0	0	0	0	0	0	0	0	0	0	0	0	0	0	0	0	0	0	0	0	0	0	0	0	0	0	0	0	0	0	0	0	0
69248M	54	54	54	54	54	133	133	133	133	102	102	102	102	109	109	109	109	102	102	102	102	102	95	95	95	95	102	102	102	102	102	57	57	57	57	60	60	60	60	112	112	112	112	112	116	116	116	116	161	161	161	161
69248P	0	0	0	0	0	0	0	0	0	0	0	0	0	0	0	0	0	0	0	0	0	0	0	0	0	0	0	0	0	0	0	0	0	0	0	0	0	0	0	0	0	0	0	0	0	0	0	0	0	0	0	0
07010M	122,2776	122,2776	122,2776	122,2776	122,2776	301,1652	301,1652	301,1652	301,1652	230,9688	230,9688	230,9688	230,9688	246,8196	246,8196	246,8196	246,8196	230,9688	230,9688	230,9688	230,9688	230,9688	215,118	215,118	215,118	215,118	230,9688	230,9688	230,9688	230,9688	230,9688	129,0708	129,0708	129,0708	129,0708	135,864	135,864	135,864	135,864	253,6128	253,6128	253,6128	253,6128	253,6128	262,6704	262,6704	262,6704	262,6704	364,5684	364,5684	364,5684	364,5684
07010P	0	0	0	0	0	0	0	0	0	0	0	0	0	0	0	0	0	0	0	0	0	0	0	0	0	0	0	0	0	0	0	0	0	0	0	0	0	0	0	0	0	0	0	0	0	0	0	0	0	0	0	0
07019M	114,8904	114,8904	114,8904	114,8904	114,8904	282,9708	282,9708	282,9708	282,9708	217,0152	217,0152	217,0152	217,0152	231,9084	231,9084	231,9084	231,9084	217,0152	217,0152	217,0152	217,0152	217,0152	202,122	202,122	202,122	202,122	217,0152	217,0152	217,0152	217,0152	217,0152	121,2732	121,2732	121,2732	121,2732	127,656	127,656	127,656	127,656	238,2912	238,2912	238,2912	238,2912	238,2912	246,8016	246,8016	246,8016	246,8016	342,5436	342,5436	342,5436	342,5436
07019P	0	0	0	0	0	0	0	0	0	0	0	0	0	0	0	0	0	0	0	0	0	0	0	0	0	0	0	0	0	0	0	0	0	0	0	0	0	0	0	0	0	0	0	0	0	0	0	0	0	0	0	0
70550M	393,66	393,66	393,66	393,66	393,66	969,57	969,57	969,57	969,57	743,58	743,58	743,58	743,58	794,61	794,61	794,61	794,61	743,58	743,58	743,58	743,58	743,58	692,55	692,55	692,55	692,55	743,58	743,58	743,58	743,58	743,58	415,53	415,53	415,53	415,53	437,4	437,4	437,4	437,4	816,48	816,48	816,48	816,48	816,48	845,64	845,64	845,64	845,64	1173,69	1173,69	1173,69	1173,69
70550P	0	0	0	0	0	0	0	0	0	0	0	0	0	0	0	0	0	0	0	0	0	0	0	0	0	0	0	0	0	0	0	0	0	0	0	0	0	0	0	0	0	0	0	0	0	0	0	0	0	0	0	0
71076M	360,1584	360,1584	360,1584	360,1584	360,1584	887,0568	887,0568	887,0568	887,0568	680,2992	680,2992	680,2992	680,2992	726,9864	726,9864	726,9864	726,9864	680,2992	680,2992	680,2992	680,2992	680,2992	633,612	633,612	633,612	633,612	680,2992	680,2992	680,2992	680,2992	680,2992	380,1672	380,1672	380,1672	380,1672	400,176	400,176	400,176	400,176	746,9952	746,9952	746,9952	746,9952	746,9952	773,6736	773,6736	773,6736	773,6736	1073,8056	1073,8056	1073,8056	1073,8056
71076P	0	0	0	0	0	0	0	0	0	0	0	0	0	0	0	0	0	0	0	0	0	0	0	0	0	0	0	0	0	0	0	0	0	0	0	0	0	0	0	0	0	0	0	0	0	0	0	0	0	0	0	0
71153A	0	0	0	0	0	0	0	0	0	0	0	0	0	0	0	0	0	0	0	0	0	0	0	0	0	0	0	0	0	0	0	0	0	0	0	0	0	0	0	0	0	0	0	0	0	0	0	0	0	0	0	0
71153P	0	0	0	0	0	0	0	0	0	0	0	0	0	0	0	0	0	0	0	0	0	0	0	0	0	0	0	0	0	0	0	0	0	0	0	0	0	0	0	0	0	0	0	0	0	0	0	0	0	0	0	0
71270A	0	0	0	0	0	0	0	0	0	0	0	0	0	0	0	0	0	0	0	0	0	0	0	0	0	0	0	0	0	0	0	0	0	0	0	0	0	0	0	0	0	0	0	0	0	0	0	0	0	0	0	0
71270P	0	0	0	0	0	0	0	0	0	0	0	0	0	0	0	0	0	0	0	0	0	0	0	0	0	0	0	0	0	0	0	0	0	0	0	0	0	0	0	0	0	0	0	0	0	0	0	0	0	0	0	0
71306A	0	0	0	0	0	0	0	0	0	0	0	0	0	0	0	0	0	0	0	0	0	0	0	0	0	0	0	0	0	0	0	0	0	0	0	0	0	0	0	0	0	0	0	0	0	0	0	0	0	0	0	0
71306P	0	0	0	0	0	0	0	0	0	0	0	0	0	0	0	0	0	0	0	0	0	0	0	0	0	0	0	0	0	0	0	0	0	0	0	0	0	0	0	0	0	0	0	0	0	0	0	0	0	0	0	0
71342M	54	54	54	54	54	133	133	133	133	102	102	102	102	109	109	109	109	102	102	102	102	102	95	95	95	95	102	102	102	102	102	57	57	57	57	60	60	60	60	112	112	112	112	112	116	116	116	116	161	161	161	161
71342P	0	0	0	0	0	0	0	0	0	0	0	0	0	0	0	0	0	0	0	0	0	0	0	0	0	0	0	0	0	0	0	0	0	0	0	0	0	0	0	0	0	0	0	0	0	0	0	0	0	0	0	0
72181A	0	0	0	0	0	0	0	0	0	0	0	0	0	0	0	0	0	0	0	0	0	0	0	0	0	0	0	0	0	0	0	0	0	0	0	0	0	0	0	0	0	0	0	0	0	0	0	0	0	0	0	0
72181M	134,0064	134,0064	134,0064	134,0064	134,0064	330,0528	330,0528	330,0528	330,0528	253,1232	253,1232	253,1232	253,1232	270,4944	270,4944	270,4944	270,4944	253,1232	253,1232	253,1232	253,1232	253,1232	235,752	235,752	235,752	235,752	253,1232	253,1232	253,1232	253,1232	253,1232	141,4512	141,4512	141,4512	141,4512	148,896	148,896	148,896	148,896	277,9392	277,9392	277,9392	277,9392	277,9392	287,8656	287,8656	287,8656	287,8656	399,5376	399,5376	399,5376	399,5376
72181P	0	0	0	0	0	0	0	0	0	0	0	0	0	0	0	0	0	0	0	0	0	0	0	0	0	0	0	0	0	0	0	0	0	0	0	0	0	0	0	0	0	0	0	0	0	0	0	0	0	0	0	0
73008A	0	0	0	0	0	0	0	0	0	0	0	0	0	0	0	0	0	0	0	0	0	0	0	0	0	0	0	0	0	0	0	0	0	0	0	0	0	0	0	0	0	0	0	0	0	0	0	0	0	0	0	0
73008M	326,4624	326,4624	326,4624	326,4624	326,4624	804,0648	804,0648	804,0648	804,0648	616,6512	616,6512	616,6512	616,6512	658,9704	658,9704	658,9704	658,9704	616,6512	616,6512	616,6512	616,6512	616,6512	574,332	574,332	574,332	574,332	616,6512	616,6512	616,6512	616,6512	616,6512	344,5992	344,5992	344,5992	344,5992	362,736	362,736	362,736	362,736	677,1072	677,1072	677,1072	677,1072	677,1072	701,2896	701,2896	701,2896	701,2896	973,3416	973,3416	973,3416	973,3416
73008P	0	0	0	0	0	0	0	0	0	0	0	0	0	0	0	0	0	0	0	0	0	0	0	0	0	0	0	0	0	0	0	0	0	0	0	0	0	0	0	0	0	0	0	0	0	0	0	0	0	0	0	0
73011A	0	0	0	0	0	0	0	0	0	0	0	0	0	0	0	0	0	0	0	0	0	0	0	0	0	0	0	0	0	0	0	0	0	0	0	0	0	0	0	0	0	0	0	0	0	0	0	0	0	0	0	0
73011P	0	0	0	0	0	0	0	0	0	0	0	0	0	0	0	0	0	0	0	0	0	0	0	0	0	0	0	0	0	0	0	0	0	0	0	0	0	0	0	0	0	0	0	0	0	0	0	0	0	0	0	0
73054A	0	0	0	0	0	0	0	0	0	0	0	0	0	0	0	0	0	0	0	0	0	0	0	0	0	0	0	0	0	0	0	0	0	0	0	0	0	0	0	0	0	0	0	0	0	0	0	0	0	0	0	0
73054P	0	0	0	0	0	0	0	0	0	0	0	0	0	0	0	0	0	0	0	0	0	0	0	0	0	0	0	0	0	0	0	0	0	0	0	0	0	0	0	0	0	0	0	0	0	0	0	0	0	0	0	0
73065M	549,4392	549,4392	549,4392	549,4392	549,4392	1353,2484	1353,2484	1353,2484	1353,2484	1037,8296	1037,8296	1037,8296	1037,8296	1109,0532	1109,0532	1109,0532	1109,0532	1037,8296	1037,8296	1037,8296	1037,8296	1037,8296	966,606	966,606	966,606	966,606	1037,8296	1037,8296	1037,8296	1037,8296	1037,8296	579,9636	579,9636	579,9636	579,9636	610,488	610,488	610,488	610,488	1139,5776	1139,5776	1139,5776	1139,5776	1139,5776	1180,2768	1180,2768	1180,2768	1180,2768	1638,1428	1638,1428	1638,1428	1638,1428
73065P	0	0	0	0	0	0	0	0	0	0	0	0	0	0	0	0	0	0	0	0	0	0	0	0	0	0	0	0	0	0	0	0	0	0	0	0	0	0	0	0	0	0	0	0	0	0	0	0	0	0	0	0
73181A	0	0	0	0	0	0	0	0	0	0	0	0	0	0	0	0	0	0	0	0	0	0	0	0	0	0	0	0	0	0	0	0	0	0	0	0	0	0	0	0	0	0	0	0	0	0	0	0	0	0	0	0
73181P	0	0	0	0	0	0	0	0	0	0	0	0	0	0	0	0	0	0	0	0	0	0	0	0	0	0	0	0	0	0	0	0	0	0	0	0	0	0	0	0	0	0	0	0	0	0	0	0	0	0	0	0
74010A	0	0	0	0	0	0	0	0	0	0	0	0	0	0	0	0	0	0	0	0	0	0	0	0	0	0	0	0	0	0	0	0	0	0	0	0	0	0	0	0	0	0	0	0	0	0	0	0	0	0	0	0
74010M	832,9392	832,9392	832,9392	832,9392	832,9392	2051,4984	2051,4984	2051,4984	2051,4984	1573,3296	1573,3296	1573,3296	1573,3296	1681,3032	1681,3032	1681,3032	1681,3032	1573,3296	1573,3296	1573,3296	1573,3296	1573,3296	1465,356	1465,356	1465,356	1465,356	1573,3296	1573,3296	1573,3296	1573,3296	1573,3296	879,2136	879,2136	879,2136	879,2136	925,488	925,488	925,488	925,488	1727,5776	1727,5776	1727,5776	1727,5776	1727,5776	1789,2768	1789,2768	1789,2768	1789,2768	2483,3928	2483,3928	2483,3928	2483,3928
74010P	0	0	0	0	0	0	0	0	0	0	0	0	0	0	0	0	0	0	0	0	0	0	0	0	0	0	0	0	0	0	0	0	0	0	0	0	0	0	0	0	0	0	0	0	0	0	0	0	0	0	0	0
74012M	1149,552	1149,552	1149,552	1149,552	1149,552	2831,304	2831,304	2831,304	2831,304	2171,376	2171,376	2171,376	2171,376	2320,392	2320,392	2320,392	2320,392	2171,376	2171,376	2171,376	2171,376	2171,376	2022,36	2022,36	2022,36	2022,36	2171,376	2171,376	2171,376	2171,376	2171,376	1213,416	1213,416	1213,416	1213,416	1277,28	1277,28	1277,28	1277,28	2384,256	2384,256	2384,256	2384,256	2384,256	2469,408	2469,408	2469,408	2469,408	3427,368	3427,368	3427,368	3427,368
74012P	0	0	0	0	0	0	0	0	0	0	0	0	0	0	0	0	0	0	0	0	0	0	0	0	0	0	0	0	0	0	0	0	0	0	0	0	0	0	0	0	0	0	0	0	0	0	0	0	0	0	0	0
74256A	0	0	0	0	0	0	0	0	0	0	0	0	0	0	0	0	0	0	0	0	0	0	0	0	0	0	0	0	0	0	0	0	0	0	0	0	0	0	0	0	0	0	0	0	0	0	0	0	0	0	0	0
74256M	517,8816	517,8816	517,8816	517,8816	517,8816	1275,5232	1275,5232	1275,5232	1275,5232	978,2208	978,2208	978,2208	978,2208	1045,3536	1045,3536	1045,3536	1045,3536	978,2208	978,2208	978,2208	978,2208	978,2208	911,088	911,088	911,088	911,088	978,2208	978,2208	978,2208	978,2208	978,2208	546,6528	546,6528	546,6528	546,6528	575,424	575,424	575,424	575,424	1074,1248	1074,1248	1074,1248	1074,1248	1074,1248	1112,4864	1112,4864	1112,4864	1112,4864	1544,0544	1544,0544	1544,0544	1544,0544
74256P	0	0	0	0	0	0	0	0	0	0	0	0	0	0	0	0	0	0	0	0	0	0	0	0	0	0	0	0	0	0	0	0	0	0	0	0	0	0	0	0	0	0	0	0	0	0	0	0	0	0	0	0
74281M	322,6392	322,6392	322,6392	322,6392	322,6392	794,6484	794,6484	794,6484	794,6484	609,4296	609,4296	609,4296	609,4296	651,2532	651,2532	651,2532	651,2532	609,4296	609,4296	609,4296	609,4296	609,4296	567,606	567,606	567,606	567,606	609,4296	609,4296	609,4296	609,4296	609,4296	340,5636	340,5636	340,5636	340,5636	358,488	358,488	358,488	358,488	669,1776	669,1776	669,1776	669,1776	669,1776	693,0768	693,0768	693,0768	693,0768	961,9428	961,9428	961,9428	961,9428
74281P	0	0	0	0	0	0	0	0	0	0	0	0	0	0	0	0	0	0	0	0	0	0	0	0	0	0	0	0	0	0	0	0	0	0	0	0	0	0	0	0	0	0	0	0	0	0	0	0	0	0	0	0
75999A	0	0	0	0	0	0	0	0	0	0	0	0	0	0	0	0	0	0	0	0	0	0	0	0	0	0	0	0	0	0	0	0	0	0	0	0	0	0	0	0	0	0	0	0	0	0	0	0	0	0	0	0
75999M	35869,3272	35869,3272	35869,3272	35869,3272	35869,3272	88344,8244	88344,8244	88344,8244	88344,8244	67753,1736	67753,1736	67753,1736	67753,1736	72402,9012	72402,9012	72402,9012	72402,9012	67753,1736	67753,1736	67753,1736	67753,1736	67753,1736	63103,446	63103,446	63103,446	63103,446	67753,1736	67753,1736	67753,1736	67753,1736	67753,1736	37862,0676	37862,0676	37862,0676	37862,0676	39854,808	39854,808	39854,808	39854,808	74395,6416	74395,6416	74395,6416	74395,6416	74395,6416	77052,6288	77052,6288	77052,6288	77052,6288	106943,7348	106943,7348	106943,7348	106943,7348
75999P	0	0	0	0	0	0	0	0	0	0	0	0	0	0	0	0	0	0	0	0	0	0	0	0	0	0	0	0	0	0	0	0	0	0	0	0	0	0	0	0	0	0	0	0	0	0	0	0	0	0	0	0
76114A	0	0	0	0	0	0	0	0	0	0	0	0	0	0	0	0	0	0	0	0	0	0	0	0	0	0	0	0	0	0	0	0	0	0	0	0	0	0	0	0	0	0	0	0	0	0	0	0	0	0	0	0
76114P	0	0	0	0	0	0	0	0	0	0	0	0	0	0	0	0	0	0	0	0	0	0	0	0	0	0	0	0	0	0	0	0	0	0	0	0	0	0	0	0	0	0	0	0	0	0	0	0	0	0	0	0
76217A	0	0	0	0	0	0	0	0	0	0	0	0	0	0	0	0	0	0	0	0	0	0	0	0	0	0	0	0	0	0	0	0	0	0	0	0	0	0	0	0	0	0	0	0	0	0	0	0	0	0	0	0
76217P	0	0	0	0	0	0	0	0	0	0	0	0	0	0	0	0	0	0	0	0	0	0	0	0	0	0	0	0	0	0	0	0	0	0	0	0	0	0	0	0	0	0	0	0	0	0	0	0	0	0	0	0
76259M	158,1768	158,1768	158,1768	158,1768	158,1768	389,5836	389,5836	389,5836	389,5836	298,7784	298,7784	298,7784	298,7784	319,2828	319,2828	319,2828	319,2828	298,7784	298,7784	298,7784	298,7784	298,7784	278,274	278,274	278,274	278,274	298,7784	298,7784	298,7784	298,7784	298,7784	166,9644	166,9644	166,9644	166,9644	175,752	175,752	175,752	175,752	328,0704	328,0704	328,0704	328,0704	328,0704	339,7872	339,7872	339,7872	339,7872	471,6012	471,6012	471,6012	471,6012
76259P	0	0	0	0	0	0	0	0	0	0	0	0	0	0	0	0	0	0	0	0	0	0	0	0	0	0	0	0	0	0	0	0	0	0	0	0	0	0	0	0	0	0	0	0	0	0	0	0	0	0	0	0
76312A	0	0	0	0	0	0	0	0	0	0	0	0	0	0	0	0	0	0	0	0	0	0	0	0	0	0	0	0	0	0	0	0	0	0	0	0	0	0	0	0	0	0	0	0	0	0	0	0	0	0	0	0
76312P	0	0	0	0	0	0	0	0	0	0	0	0	0	0	0	0	0	0	0	0	0	0	0	0	0	0	0	0	0	0	0	0	0	0	0	0	0	0	0	0	0	0	0	0	0	0	0	0	0	0	0	0
76351A	0	0	0	0	0	0	0	0	0	0	0	0	0	0	0	0	0	0	0	0	0	0	0	0	0	0	0	0	0	0	0	0	0	0	0	0	0	0	0	0	0	0	0	0	0	0	0	0	0	0	0	0
76351M	872,3376	872,3376	872,3376	872,3376	872,3376	2148,5352	2148,5352	2148,5352	2148,5352	1647,7488	1647,7488	1647,7488	1647,7488	1760,8296	1760,8296	1760,8296	1760,8296	1647,7488	1647,7488	1647,7488	1647,7488	1647,7488	1534,668	1534,668	1534,668	1534,668	1647,7488	1647,7488	1647,7488	1647,7488	1647,7488	920,8008	920,8008	920,8008	920,8008	969,264	969,264	969,264	969,264	1809,2928	1809,2928	1809,2928	1809,2928	1809,2928	1873,9104	1873,9104	1873,9104	1873,9104	2600,8584	2600,8584	2600,8584	2600,8584
76351P	0	0	0	0	0	0	0	0	0	0	0	0	0	0	0	0	0	0	0	0	0	0	0	0	0	0	0	0	0	0	0	0	0	0	0	0	0	0	0	0	0	0	0	0	0	0	0	0	0	0	0	0
76540A	0	0	0	0	0	0	0	0	0	0	0	0	0	0	0	0	0	0	0	0	0	0	0	0	0	0	0	0	0	0	0	0	0	0	0	0	0	0	0	0	0	0	0	0	0	0	0	0	0	0	0	0
76540M	2783,8728	2783,8728	2783,8728	2783,8728	2783,8728	6856,5756	6856,5756	6856,5756	6856,5756	5258,4264	5258,4264	5258,4264	5258,4264	5619,2988	5619,2988	5619,2988	5619,2988	5258,4264	5258,4264	5258,4264	5258,4264	5258,4264	4897,554	4897,554	4897,554	4897,554	5258,4264	5258,4264	5258,4264	5258,4264	5258,4264	2938,5324	2938,5324	2938,5324	2938,5324	3093,192	3093,192	3093,192	3093,192	5773,9584	5773,9584	5773,9584	5773,9584	5773,9584	5980,1712	5980,1712	5980,1712	5980,1712	8300,0652	8300,0652	8300,0652	8300,0652
76540P	0	0	0	0	0	0	0	0	0	0	0	0	0	0	0	0	0	0	0	0	0	0	0	0	0	0	0	0	0	0	0	0	0	0	0	0	0	0	0	0	0	0	0	0	0	0	0	0	0	0	0	0
76758A	0	0	0	0	0	0	0	0	0	0	0	0	0	0	0	0	0	0	0	0	0	0	0	0	0	0	0	0	0	0	0	0	0	0	0	0	0	0	0	0	0	0	0	0	0	0	0	0	0	0	0	0
76758P	0	0	0	0	0	0	0	0	0	0	0	0	0	0	0	0	0	0	0	0	0	0	0	0	0	0	0	0	0	0	0	0	0	0	0	0	0	0	0	0	0	0	0	0	0	0	0	0	0	0	0	0
79191A	0	0	0	0	0	0	0	0	0	0	0	0	0	0	0	0	0	0	0	0	0	0	0	0	0	0	0	0	0	0	0	0	0	0	0	0	0	0	0	0	0	0	0	0	0	0	0	0	0	0	0	0
79191P	0	0	0	0	0	0	0	0	0	0	0	0	0	0	0	0	0	0	0	0	0	0	0	0	0	0	0	0	0	0	0	0	0	0	0	0	0	0	0	0	0	0	0	0	0	0	0	0	0	0	0	0
80021M	1013,5368	1013,5368	1013,5368	1013,5368	1013,5368	2496,3036	2496,3036	2496,3036	2496,3036	1914,4584	1914,4584	1914,4584	1914,4584	2045,8428	2045,8428	2045,8428	2045,8428	1914,4584	1914,4584	1914,4584	1914,4584	1914,4584	1783,074	1783,074	1783,074	1783,074	1914,4584	1914,4584	1914,4584	1914,4584	1914,4584	1069,8444	1069,8444	1069,8444	1069,8444	1126,152	1126,152	1126,152	1126,152	2102,1504	2102,1504	2102,1504	2102,1504	2102,1504	2177,2272	2177,2272	2177,2272	2177,2272	3021,8412	3021,8412	3021,8412	3021,8412
80021P	0	0	0	0	0	0	0	0	0	0	0	0	0	0	0	0	0	0	0	0	0	0	0	0	0	0	0	0	0	0	0	0	0	0	0	0	0	0	0	0	0	0	0	0	0	0	0	0	0	0	0	0
81004M	235,2888	235,2888	235,2888	235,2888	235,2888	579,5076	579,5076	579,5076	579,5076	444,4344	444,4344	444,4344	444,4344	474,9348	474,9348	474,9348	474,9348	444,4344	444,4344	444,4344	444,4344	444,4344	413,934	413,934	413,934	413,934	444,4344	444,4344	444,4344	444,4344	444,4344	248,3604	248,3604	248,3604	248,3604	261,432	261,432	261,432	261,432	488,0064	488,0064	488,0064	488,0064	488,0064	505,4352	505,4352	505,4352	505,4352	701,5092	701,5092	701,5092	701,5092
81004P	0	0	0	0	0	0	0	0	0	0	0	0	0	0	0	0	0	0	0	0	0	0	0	0	0	0	0	0	0	0	0	0	0	0	0	0	0	0	0	0	0	0	0	0	0	0	0	0	0	0	0	0
08105A	0	0	0	0	0	0	0	0	0	0	0	0	0	0	0	0	0	0	0	0	0	0	0	0	0	0	0	0	0	0	0	0	0	0	0	0	0	0	0	0	0	0	0	0	0	0	0	0	0	0	0	0
08105P	0	0	0	0	0	0	0	0	0	0	0	0	0	0	0	0	0	0	0	0	0	0	0	0	0	0	0	0	0	0	0	0	0	0	0	0	0	0	0	0	0	0	0	0	0	0	0	0	0	0	0	0
81060M	54	54	54	54	54	133	133	133	133	102	102	102	102	109	109	109	109	102	102	102	102	102	95	95	95	95	102	102	102	102	102	57	57	57	57	60	60	60	60	112	112	112	112	112	116	116	116	116	161	161	161	161
81060P	0	0	0	0	0	0	0	0	0	0	0	0	0	0	0	0	0	0	0	0	0	0	0	0	0	0	0	0	0	0	0	0	0	0	0	0	0	0	0	0	0	0	0	0	0	0	0	0	0	0	0	0
81065M	286,8048	286,8048	286,8048	286,8048	286,8048	706,3896	706,3896	706,3896	706,3896	541,7424	541,7424	541,7424	541,7424	578,9208	578,9208	578,9208	578,9208	541,7424	541,7424	541,7424	541,7424	541,7424	504,564	504,564	504,564	504,564	541,7424	541,7424	541,7424	541,7424	541,7424	302,7384	302,7384	302,7384	302,7384	318,672	318,672	318,672	318,672	594,8544	594,8544	594,8544	594,8544	594,8544	616,0992	616,0992	616,0992	616,0992	855,1032	855,1032	855,1032	855,1032
81065P	0	0	0	0	0	0	0	0	0	0	0	0	0	0	0	0	0	0	0	0	0	0	0	0	0	0	0	0	0	0	0	0	0	0	0	0	0	0	0	0	0	0	0	0	0	0	0	0	0	0	0	0
81099M	164,0736	164,0736	164,0736	164,0736	164,0736	404,1072	404,1072	404,1072	404,1072	309,9168	309,9168	309,9168	309,9168	331,1856	331,1856	331,1856	331,1856	309,9168	309,9168	309,9168	309,9168	309,9168	288,648	288,648	288,648	288,648	309,9168	309,9168	309,9168	309,9168	309,9168	173,1888	173,1888	173,1888	173,1888	182,304	182,304	182,304	182,304	340,3008	340,3008	340,3008	340,3008	340,3008	352,4544	352,4544	352,4544	352,4544	489,1824	489,1824	489,1824	489,1824
81099P	0	0	0	0	0	0	0	0	0	0	0	0	0	0	0	0	0	0	0	0	0	0	0	0	0	0	0	0	0	0	0	0	0	0	0	0	0	0	0	0	0	0	0	0	0	0	0	0	0	0	0	0
81105M	54	54	54	54	54	133	133	133	133	102	102	102	102	109	109	109	109	102	102	102	102	102	95	95	95	95	102	102	102	102	102	57	57	57	57	60	60	60	60	112	112	112	112	112	116	116	116	116	161	161	161	161
81105P	0	0	0	0	0	0	0	0	0	0	0	0	0	0	0	0	0	0	0	0	0	0	0	0	0	0	0	0	0	0	0	0	0	0	0	0	0	0	0	0	0	0	0	0	0	0	0	0	0	0	0	0
82037M	54	54	54	54	54	133	133	133	133	102	102	102	102	109	109	109	109	102	102	102	102	102	95	95	95	95	102	102	102	102	102	57	57	57	57	60	60	60	60	112	112	112	112	112	116	116	116	116	161	161	161	161
82037P	0	0	0	0	0	0	0	0	0	0	0	0	0	0	0	0	0	0	0	0	0	0	0	0	0	0	0	0	0	0	0	0	0	0	0	0	0	0	0	0	0	0	0	0	0	0	0	0	0	0	0	0
82112M	83,8512	83,8512	83,8512	83,8512	83,8512	206,5224	206,5224	206,5224	206,5224	158,3856	158,3856	158,3856	158,3856	169,2552	169,2552	169,2552	169,2552	158,3856	158,3856	158,3856	158,3856	158,3856	147,516	147,516	147,516	147,516	158,3856	158,3856	158,3856	158,3856	158,3856	88,5096	88,5096	88,5096	88,5096	93,168	93,168	93,168	93,168	173,9136	173,9136	173,9136	173,9136	173,9136	180,1248	180,1248	180,1248	180,1248	250,0008	250,0008	250,0008	250,0008
82112P	0	0	0	0	0	0	0	0	0	0	0	0	0	0	0	0	0	0	0	0	0	0	0	0	0	0	0	0	0	0	0	0	0	0	0	0	0	0	0	0	0	0	0	0	0	0	0	0	0	0	0	0
82121M	519,696	519,696	519,696	519,696	519,696	1279,992	1279,992	1279,992	1279,992	981,648	981,648	981,648	981,648	1049,016	1049,016	1049,016	1049,016	981,648	981,648	981,648	981,648	981,648	914,28	914,28	914,28	914,28	981,648	981,648	981,648	981,648	981,648	548,568	548,568	548,568	548,568	577,44	577,44	577,44	577,44	1077,888	1077,888	1077,888	1077,888	1077,888	1116,384	1116,384	1116,384	1116,384	1549,464	1549,464	1549,464	1549,464
82121P	0	0	0	0	0	0	0	0	0	0	0	0	0	0	0	0	0	0	0	0	0	0	0	0	0	0	0	0	0	0	0	0	0	0	0	0	0	0	0	0	0	0	0	0	0	0	0	0	0	0	0	0
83050M	189,3456	189,3456	189,3456	189,3456	189,3456	466,3512	466,3512	466,3512	466,3512	357,6528	357,6528	357,6528	357,6528	382,1976	382,1976	382,1976	382,1976	357,6528	357,6528	357,6528	357,6528	357,6528	333,108	333,108	333,108	333,108	357,6528	357,6528	357,6528	357,6528	357,6528	199,8648	199,8648	199,8648	199,8648	210,384	210,384	210,384	210,384	392,7168	392,7168	392,7168	392,7168	392,7168	406,7424	406,7424	406,7424	406,7424	564,5304	564,5304	564,5304	564,5304
83050P	0	0	0	0	0	0	0	0	0	0	0	0	0	0	0	0	0	0	0	0	0	0	0	0	0	0	0	0	0	0	0	0	0	0	0	0	0	0	0	0	0	0	0	0	0	0	0	0	0	0	0	0
83119A	0	0	0	0	0	0	0	0	0	0	0	0	0	0	0	0	0	0	0	0	0	0	0	0	0	0	0	0	0	0	0	0	0	0	0	0	0	0	0	0	0	0	0	0	0	0	0	0	0	0	0	0
83119M	54	54	54	54	54	133	133	133	133	102	102	102	102	109	109	109	109	102	102	102	102	102	95	95	95	95	102	102	102	102	102	57	57	57	57	60	60	60	60	112	112	112	112	112	116	116	116	116	161	161	161	161
83119P	0	0	0	0	0	0	0	0	0	0	0	0	0	0	0	0	0	0	0	0	0	0	0	0	0	0	0	0	0	0	0	0	0	0	0	0	0	0	0	0	0	0	0	0	0	0	0	0	0	0	0	0
83137A	0	0	0	0	0	0	0	0	0	0	0	0	0	0	0	0	0	0	0	0	0	0	0	0	0	0	0	0	0	0	0	0	0	0	0	0	0	0	0	0	0	0	0	0	0	0	0	0	0	0	0	0
83137M	2537,9568	2537,9568	2537,9568	2537,9568	2537,9568	6250,8936	6250,8936	6250,8936	6250,8936	4793,9184	4793,9184	4793,9184	4793,9184	5122,9128	5122,9128	5122,9128	5122,9128	4793,9184	4793,9184	4793,9184	4793,9184	4793,9184	4464,924	4464,924	4464,924	4464,924	4793,9184	4793,9184	4793,9184	4793,9184	4793,9184	2678,9544	2678,9544	2678,9544	2678,9544	2819,952	2819,952	2819,952	2819,952	5263,9104	5263,9104	5263,9104	5263,9104	5263,9104	5451,9072	5451,9072	5451,9072	5451,9072	7566,8712	7566,8712	7566,8712	7566,8712
83137P	0	0	0	0	0	0	0	0	0	0	0	0	0	0	0	0	0	0	0	0	0	0	0	0	0	0	0	0	0	0	0	0	0	0	0	0	0	0	0	0	0	0	0	0	0	0	0	0	0	0	0	0
84003M	93,5064	93,5064	93,5064	93,5064	93,5064	230,3028	230,3028	230,3028	230,3028	176,6232	176,6232	176,6232	176,6232	188,7444	188,7444	188,7444	188,7444	176,6232	176,6232	176,6232	176,6232	176,6232	164,502	164,502	164,502	164,502	176,6232	176,6232	176,6232	176,6232	176,6232	98,7012	98,7012	98,7012	98,7012	103,896	103,896	103,896	103,896	193,9392	193,9392	193,9392	193,9392	193,9392	200,8656	200,8656	200,8656	200,8656	278,7876	278,7876	278,7876	278,7876
84003P	0	0	0	0	0	0	0	0	0	0	0	0	0	0	0	0	0	0	0	0	0	0	0	0	0	0	0	0	0	0	0	0	0	0	0	0	0	0	0	0	0	0	0	0	0	0	0	0	0	0	0	0
84007A	0	0	0	0	0	0	0	0	0	0	0	0	0	0	0	0	0	0	0	0	0	0	0	0	0	0	0	0	0	0	0	0	0	0	0	0	0	0	0	0	0	0	0	0	0	0	0	0	0	0	0	0
84007M	1944,648	1944,648	1944,648	1944,648	1944,648	4789,596	4789,596	4789,596	4789,596	3673,224	3673,224	3673,224	3673,224	3925,308	3925,308	3925,308	3925,308	3673,224	3673,224	3673,224	3673,224	3673,224	3421,14	3421,14	3421,14	3421,14	3673,224	3673,224	3673,224	3673,224	3673,224	2052,684	2052,684	2052,684	2052,684	2160,72	2160,72	2160,72	2160,72	4033,344	4033,344	4033,344	4033,344	4033,344	4177,392	4177,392	4177,392	4177,392	5797,932	5797,932	5797,932	5797,932
84007P	0	0	0	0	0	0	0	0	0	0	0	0	0	0	0	0	0	0	0	0	0	0	0	0	0	0	0	0	0	0	0	0	0	0	0	0	0	0	0	0	0	0	0	0	0	0	0	0	0	0	0	0
85146A	0	0	0	0	0	0	0	0	0	0	0	0	0	0	0	0	0	0	0	0	0	0	0	0	0	0	0	0	0	0	0	0	0	0	0	0	0	0	0	0	0	0	0	0	0	0	0	0	0	0	0	0
85146P	0	0	0	0	0	0	0	0	0	0	0	0	0	0	0	0	0	0	0	0	0	0	0	0	0	0	0	0	0	0	0	0	0	0	0	0	0	0	0	0	0	0	0	0	0	0	0	0	0	0	0	0
85191M	650,1384	650,1384	650,1384	650,1384	650,1384	1601,2668	1601,2668	1601,2668	1601,2668	1228,0392	1228,0392	1228,0392	1228,0392	1312,3164	1312,3164	1312,3164	1312,3164	1228,0392	1228,0392	1228,0392	1228,0392	1228,0392	1143,762	1143,762	1143,762	1143,762	1228,0392	1228,0392	1228,0392	1228,0392	1228,0392	686,2572	686,2572	686,2572	686,2572	722,376	722,376	722,376	722,376	1348,4352	1348,4352	1348,4352	1348,4352	1348,4352	1396,5936	1396,5936	1396,5936	1396,5936	1938,3756	1938,3756	1938,3756	1938,3756
85191P	0	0	0	0	0	0	0	0	0	0	0	0	0	0	0	0	0	0	0	0	0	0	0	0	0	0	0	0	0	0	0	0	0	0	0	0	0	0	0	0	0	0	0	0	0	0	0	0	0	0	0	0
86194A	0	0	0	0	0	0	0	0	0	0	0	0	0	0	0	0	0	0	0	0	0	0	0	0	0	0	0	0	0	0	0	0	0	0	0	0	0	0	0	0	0	0	0	0	0	0	0	0	0	0	0	0
86194P	0	0	0	0	0	0	0	0	0	0	0	0	0	0	0	0	0	0	0	0	0	0	0	0	0	0	0	0	0	0	0	0	0	0	0	0	0	0	0	0	0	0	0	0	0	0	0	0	0	0	0	0
87085A	0	0	0	0	0	0	0	0	0	0	0	0	0	0	0	0	0	0	0	0	0	0	0	0	0	0	0	0	0	0	0	0	0	0	0	0	0	0	0	0	0	0	0	0	0	0	0	0	0	0	0	0
87085P	0	0	0	0	0	0	0	0	0	0	0	0	0	0	0	0	0	0	0	0	0	0	0	0	0	0	0	0	0	0	0	0	0	0	0	0	0	0	0	0	0	0	0	0	0	0	0	0	0	0	0	0
88160M	298,0152	298,0152	298,0152	298,0152	298,0152	734,0004	734,0004	734,0004	734,0004	562,9176	562,9176	562,9176	562,9176	601,5492	601,5492	601,5492	601,5492	562,9176	562,9176	562,9176	562,9176	562,9176	524,286	524,286	524,286	524,286	562,9176	562,9176	562,9176	562,9176	562,9176	314,5716	314,5716	314,5716	314,5716	331,128	331,128	331,128	331,128	618,1056	618,1056	618,1056	618,1056	618,1056	640,1808	640,1808	640,1808	640,1808	888,5268	888,5268	888,5268	888,5268
88160P	0	0	0	0	0	0	0	0	0	0	0	0	0	0	0	0	0	0	0	0	0	0	0	0	0	0	0	0	0	0	0	0	0	0	0	0	0	0	0	0	0	0	0	0	0	0	0	0	0	0	0	0
88383M	70,1136	70,1136	70,1136	70,1136	70,1136	172,6872	172,6872	172,6872	172,6872	132,4368	132,4368	132,4368	132,4368	141,5256	141,5256	141,5256	141,5256	132,4368	132,4368	132,4368	132,4368	132,4368	123,348	123,348	123,348	123,348	132,4368	132,4368	132,4368	132,4368	132,4368	74,0088	74,0088	74,0088	74,0088	77,904	77,904	77,904	77,904	145,4208	145,4208	145,4208	145,4208	145,4208	150,6144	150,6144	150,6144	150,6144	209,0424	209,0424	209,0424	209,0424
88383P	0	0	0	0	0	0	0	0	0	0	0	0	0	0	0	0	0	0	0	0	0	0	0	0	0	0	0	0	0	0	0	0	0	0	0	0	0	0	0	0	0	0	0	0	0	0	0	0	0	0	0	0
88413M	121,176	121,176	121,176	121,176	121,176	298,452	298,452	298,452	298,452	228,888	228,888	228,888	228,888	244,596	244,596	244,596	244,596	228,888	228,888	228,888	228,888	228,888	213,18	213,18	213,18	213,18	228,888	228,888	228,888	228,888	228,888	127,908	127,908	127,908	127,908	134,64	134,64	134,64	134,64	251,328	251,328	251,328	251,328	251,328	260,304	260,304	260,304	260,304	361,284	361,284	361,284	361,284
88413P	0	0	0	0	0	0	0	0	0	0	0	0	0	0	0	0	0	0	0	0	0	0	0	0	0	0	0	0	0	0	0	0	0	0	0	0	0	0	0	0	0	0	0	0	0	0	0	0	0	0	0	0
89024A	0	0	0	0	0	0	0	0	0	0	0	0	0	0	0	0	0	0	0	0	0	0	0	0	0	0	0	0	0	0	0	0	0	0	0	0	0	0	0	0	0	0	0	0	0	0	0	0	0	0	0	0
89024P	0	0	0	0	0	0	0	0	0	0	0	0	0	0	0	0	0	0	0	0	0	0	0	0	0	0	0	0	0	0	0	0	0	0	0	0	0	0	0	0	0	0	0	0	0	0	0	0	0	0	0	0
89387A	0	0	0	0	0	0	0	0	0	0	0	0	0	0	0	0	0	0	0	0	0	0	0	0	0	0	0	0	0	0	0	0	0	0	0	0	0	0	0	0	0	0	0	0	0	0	0	0	0	0	0	0
89387P	0	0	0	0	0	0	0	0	0	0	0	0	0	0	0	0	0	0	0	0	0	0	0	0	0	0	0	0	0	0	0	0	0	0	0	0	0	0	0	0	0	0	0	0	0	0	0	0	0	0	0	0