5,plan test
-1,Ensemble

2
-1
1
1
0
0

1,0,0
c:\datadev\datacimbelgique\vague
3702284
19798
11
0,1,2,10,11,12,20,21,22,23,24
8793508,5091224,3702284,873903,1091255,588636,981501,1176655,688152,881447,1409434

2004,630,1,20021202,2,0,0.907116,1,1
2004,630,1,20021209,2,0,0.907116,1,1
2004,630,1,20021223,2,0,0.907116,1,1
2004,630,2,20021217,2,0,0.915057,1,1
2004,630,8,20021205,2,0,0.817414,1,1
2004,630,8,20021212,2,0,0.817414,1,1
2004,630,8,20021219,2,0,0.817414,1,1
2004,645,1,20021216,2,1,1.388278,1,1
2004,645,2,20021203,2,1,1.439247,1,1
2004,645,2,20021210,2,1,1.439247,1,1
2004,645,16,20021227,2,1,1.287178,1,1
2004,700,1,20021202,2,1,1.557876,1,1
2004,700,1,20021209,2,1,1.557876,1,1
2004,700,2,20021217,2,1,1.723180,1,1
2004,700,2,20021224,2,1,1.723180,1,1
2004,700,8,20021205,2,1,1.469174,1,1
2004,715,1,20021216,2,1,1.472361,1,1
2004,715,1,20021223,2,1,1.472361,1,1
2004,715,2,20021203,2,1,1.697736,1,1
2004,715,2,20021210,2,1,1.697736,1,1
2004,715,4,20021225,2,1,1.508717,1,1
2004,715,8,20021212,2,1,1.462989,1,1
2004,715,8,20021219,2,1,1.462989,1,1
2004,730,1,20021202,2,0,1.435303,1,1
2004,730,1,20021209,2,0,1.435303,1,1
2004,730,4,20021218,2,0,1.455885,1,1
2004,730,8,20021226,2,0,1.441110,1,1
2004,745,2,20021203,2,1,1.564224,1,1
2004,745,2,20021210,2,1,1.564224,1,1
2004,745,2,20021217,2,1,1.564224,1,1
2004,745,2,20021224,2,1,1.564224,1,1
2004,745,8,20021205,2,1,1.378122,1,1
2004,745,8,20021212,2,1,1.378122,1,1
2004,745,8,20021219,2,1,1.378122,1,1
2004,745,16,20021227,2,1,1.503369,1,1
2004,800,1,20021202,2,1,1.342820,1,1
2004,800,1,20021216,2,1,1.342820,1,1
2004,800,4,20021211,2,1,1.352003,1,1
2004,800,4,20021225,2,1,1.352003,1,1
2004,815,1,20021223,2,1,1.086059,1,1
2004,815,2,20021203,2,1,1.259439,1,1
2004,815,8,20021212,2,1,1.054592,1,1
2004,815,8,20021219,2,1,1.054592,1,1
2004,815,16,20021227,2,1,1.110909,1,1
2004,830,1,20021202,2,0,0.921323,1,1
2004,830,2,20021224,2,0,1.124414,1,1
2004,830,4,20021211,2,0,0.969321,1,1
2004,830,4,20021218,2,0,0.969321,1,1
2004,830,8,20021205,2,0,0.916380,1,1
2004,830,16,20021213,2,0,0.938340,1,1
2004,830,16,20021220,2,0,0.938340,1,1
2004,845,1,20021209,2,1,0.970725,1,1
2004,845,1,20021216,2,1,0.970725,1,1
2004,845,4,20021204,2,1,0.850367,1,1
2004,845,4,20021218,2,1,0.850367,1,1
2004,845,4,20021225,2,1,0.850367,1,1
2004,845,16,20021227,2,1,0.923511,1,1
2004,845,32,20021207,2,1,1.020883,1,1
2004,845,32,20021214,2,1,1.020883,1,1
2004,900,1,20021223,2,0,0.999059,1,1
2004,900,2,20021203,2,0,0.918892,1,1
2004,900,2,20021217,2,0,0.918892,1,1
2004,900,8,20021226,2,0,0.941905,1,1
2004,900,64,20021208,2,0,1.142700,1,1
2004,900,64,20021215,2,0,1.142700,1,1
2004,930,1,20021202,2,0,0.786974,1,1
2004,930,1,20021209,2,0,0.786974,1,1
2004,930,1,20021216,2,0,0.786974,1,1
2004,930,2,20021224,2,0,0.812120,1,1
2004,930,8,20021205,2,0,0.832459,1,1
2004,930,8,20021212,2,0,0.832459,1,1
2004,930,8,20021219,2,0,0.832459,1,1
2004,930,16,20021227,2,0,0.768607,1,1
2004,930,32,20021221,2,0,0.960515,1,1
2004,945,2,20021210,2,1,0.766824,1,1
2004,945,4,20021204,2,1,0.713397,1,1
2004,945,4,20021211,2,1,0.713397,1,1
2004,945,4,20021225,2,1,0.713397,1,1
2004,945,32,20021207,2,1,0.954276,1,1
2004,945,32,20021228,2,1,0.954276,1,1
2004,945,64,20021215,2,1,1.280345,1,1
2004,945,64,20021222,2,1,1.280345,1,1
2004,1000,1,20021209,2,0,0.793078,1,1
2004,1000,1,20021216,2,0,0.793078,1,1
2004,1000,1,20021223,2,0,0.793078,1,1
2004,1000,4,20021204,2,0,0.717287,1,1
2004,1000,4,20021211,2,0,0.717287,1,1
2004,1000,4,20021218,2,0,0.717287,1,1
2004,1000,16,20021227,2,0,0.821817,1,1
2004,1000,32,20021214,2,0,0.925537,1,1
2004,1000,32,20021221,2,0,0.925537,1,1
2004,1000,64,20021208,2,0,1.358432,1,1
2004,1000,64,20021222,2,0,1.358432,1,1
2004,1000,64,20021229,2,0,1.358432,1,1
2004,1030,2,20021203,2,0,0.714100,1,1
2004,1030,2,20021210,2,0,0.714100,1,1
2004,1030,2,20021217,2,0,0.714100,1,1
2004,1030,2,20021224,2,0,0.714100,1,1
2004,1045,1,20021202,2,1,0.722986,1,1
2004,1045,1,20021209,2,1,0.722986,1,1
2004,1045,1,20021216,2,1,0.722986,1,1
2004,1045,1,20021223,2,1,0.722986,1,1
2004,1045,8,20021205,2,1,0.742245,1,1
2004,1045,8,20021212,2,1,0.742245,1,1
2004,1045,8,20021219,2,1,0.742245,1,1
2004,1045,8,20021226,2,1,0.742245,1,1
2004,1045,32,20021207,2,1,0.794699,1,1
2004,1045,32,20021228,2,1,0.794699,1,1
2004,1045,64,20021215,2,1,1.245447,1,1
2004,1045,64,20021222,2,1,1.245447,1,1
2004,1115,2,20021224,2,0,0.725255,1,1
2004,1115,4,20021204,2,0,0.722878,1,1
2004,1115,4,20021211,2,0,0.722878,1,1
2004,1115,4,20021218,2,0,0.722878,1,1
2004,1115,16,20021206,2,0,0.675934,1,1
2004,1115,16,20021227,2,0,0.675934,1,1
2004,1115,32,20021214,2,0,0.778736,1,1
2004,1115,32,20021221,2,0,0.778736,1,1
2004,1130,2,20021217,2,0,0.688089,1,1
2004,1130,4,20021204,2,0,0.674395,1,1
2004,1130,4,20021225,2,0,0.674395,1,1
2004,1130,8,20021212,2,0,0.752968,1,1
2004,1130,8,20021219,2,0,0.752968,1,1
2004,1145,1,20021216,2,1,0.714073,1,1
2004,1145,1,20021223,2,1,0.714073,1,1
2004,1145,2,20021203,2,1,0.745000,1,1
2004,1145,2,20021210,2,1,0.745000,1,1
2004,1145,8,20021226,2,1,0.728874,1,1
2004,1215,1,20021202,2,0,0.662267,1,1
2004,1215,1,20021209,2,0,0.662267,1,1
2004,1215,2,20021217,2,0,0.674449,1,1
2004,1215,4,20021225,2,0,0.725930,1,1
2004,1215,8,20021205,2,0,0.637390,1,1
2004,1215,16,20021227,2,0,0.634797,1,1
2004,1215,32,20021207,2,0,0.628963,1,1
2004,1215,32,20021214,2,0,0.628963,1,1
2004,1215,32,20021221,2,0,0.628963,1,1
2004,1215,64,20021208,2,0,0.567379,1,1
2004,1230,2,20021224,2,0,0.641685,1,1
2004,1230,4,20021204,2,0,0.604816,1,1
2004,1230,4,20021211,2,0,0.604816,1,1
2004,1230,4,20021218,2,0,0.604816,1,1
2004,1230,8,20021226,2,0,0.626316,1,1
2004,1230,16,20021206,2,0,0.627829,1,1
2004,1230,16,20021213,2,0,0.627829,1,1
2004,1230,16,20021220,2,0,0.627829,1,1
2004,1230,32,20021228,2,0,0.590987,1,1
2004,1230,64,20021208,2,0,0.461202,1,1
2004,1230,64,20021215,2,0,0.461202,1,1
2004,1230,64,20021222,2,0,0.461202,1,1
2004,1245,4,20021204,2,1,0.637390,1,1
2004,1245,4,20021225,2,1,0.637390,1,1
2004,1245,64,20021229,2,1,0.415878,1,1
2004,1315,1,20021223,2,0,0.676447,1,1
2004,1315,4,20021204,2,0,0.647276,1,1
2004,1315,4,20021211,2,0,0.647276,1,1
2004,1315,4,20021218,2,0,0.647276,1,1
2004,1315,8,20021226,2,0,0.564030,1,1
2004,1315,32,20021207,2,0,0.527161,1,1
2004,1315,32,20021214,2,0,0.527161,1,1
2004,1315,32,20021221,2,0,0.527161,1,1
2004,1330,2,20021203,2,0,0.538451,1,1
2004,1330,2,20021210,2,0,0.538451,1,1
2004,1330,4,20021225,2,0,0.605032,1,1
2004,1330,16,20021206,2,0,0.536804,1,1
2004,1330,16,20021213,2,0,0.536804,1,1
2004,1330,16,20021220,2,0,0.536804,1,1
2004,1330,32,20021228,2,0,0.549634,1,1
2004,1345,1,20021202,2,1,0.596632,1,1
2004,1345,1,20021209,2,1,0.596632,1,1
2004,1345,1,20021216,2,1,0.596632,1,1
2004,1345,8,20021205,2,1,0.560843,1,1
2004,1345,8,20021212,2,1,0.560843,1,1
2004,1345,8,20021219,2,1,0.560843,1,1
2004,1345,8,20021226,2,1,0.560843,1,1
2004,1345,64,20021208,2,1,0.291685,1,1
2004,1345,64,20021215,2,1,0.291685,1,1
2004,1345,64,20021222,2,1,0.291685,1,1
2004,1345,64,20021229,2,1,0.291685,1,1
2004,1430,2,20021224,2,0,0.495937,1,1
2004,1430,4,20021204,2,0,0.489022,1,1
2004,1430,4,20021211,2,0,0.489022,1,1
2004,1430,4,20021218,2,0,0.489022,1,1
2004,1430,16,20021206,2,0,0.547743,1,1
2004,1430,16,20021213,2,0,0.547743,1,1
2004,1430,16,20021220,2,0,0.547743,1,1
2004,1430,16,20021227,2,0,0.547743,1,1
2004,1445,1,20021223,2,1,0.549850,1,1
2004,1445,2,20021217,2,1,0.545987,1,1
2004,1445,4,20021204,2,1,0.601277,1,1
2004,1445,8,20021226,2,1,0.597037,1,1
2004,1445,32,20021207,2,1,0.489428,1,1
2004,1445,32,20021214,2,1,0.489428,1,1
2004,1500,4,20021204,2,0,0.711804,1,1
2004,1500,4,20021211,2,0,0.711804,1,1
2004,1500,4,20021218,2,0,0.711804,1,1
2004,1500,4,20021225,2,0,0.711804,1,1
2004,1500,16,20021206,2,0,0.604492,1,1
2004,1500,16,20021213,2,0,0.604492,1,1
2004,1500,16,20021220,2,0,0.604492,1,1
2004,1500,32,20021228,2,0,0.555711,1,1
2004,1530,2,20021203,2,0,0.638714,1,1
2004,1530,2,20021210,2,0,0.638714,1,1
2004,1530,2,20021224,2,0,0.638714,1,1
2004,1530,8,20021205,2,0,0.684253,1,1
2004,1530,8,20021212,2,0,0.684253,1,1
2004,1530,8,20021219,2,0,0.684253,1,1
2004,1530,32,20021221,2,0,0.557332,1,1
2004,1545,1,20021202,2,1,0.610461,1,1
2004,1545,1,20021209,2,1,0.610461,1,1
2004,1545,1,20021216,2,1,0.610461,1,1
2004,1545,1,20021223,2,1,0.610461,1,1
2004,1545,8,20021226,2,1,0.680310,1,1
2004,1545,16,20021220,2,1,0.644251,1,1
2004,1545,64,20021208,2,1,0.311672,1,1
2004,1545,64,20021215,2,1,0.311672,1,1
2004,1545,64,20021229,2,1,0.311672,1,1
2004,1615,4,20021204,2,0,0.763015,1,1
2004,1615,4,20021211,2,0,0.763015,1,1
2004,1615,4,20021218,2,0,0.763015,1,1
2004,1615,4,20021225,2,0,0.763015,1,1
2004,1615,16,20021206,2,0,0.662159,1,1
2004,1615,16,20021213,2,0,0.662159,1,1
2004,1615,16,20021227,2,0,0.662159,1,1
2004,1630,2,20021217,2,0,0.628261,1,1
2004,1630,2,20021224,2,0,0.628261,1,1
2004,1630,8,20021205,2,0,0.631529,1,1
2004,1630,8,20021212,2,0,0.631529,1,1
2004,1630,32,20021228,2,0,0.555495,1,1
2004,1630,64,20021222,2,0,0.340601,1,1
2004,1645,1,20021223,2,1,0.717476,1,1
2004,1645,4,20021211,2,1,0.821628,1,1
2004,1645,4,20021218,2,1,0.821628,1,1
2004,1645,8,20021205,2,1,0.613486,1,1
2004,1645,8,20021226,2,1,0.613486,1,1
2004,1645,64,20021229,2,1,0.355402,1,1
2004,1715,2,20021203,2,0,0.656838,1,1
2004,1715,2,20021210,2,0,0.656838,1,1
2004,1715,4,20021225,2,0,0.901363,1,1
2004,1715,8,20021219,2,0,0.694382,1,1
2004,1715,16,20021220,2,0,0.698812,1,1
2004,1730,1,20021202,2,0,0.670856,1,1
2004,1730,1,20021209,2,0,0.670856,1,1
2004,1730,1,20021216,2,0,0.670856,1,1
2004,1730,2,20021224,2,0,0.639659,1,1
2004,1730,16,20021206,2,0,0.630071,1,1
2004,1730,16,20021213,2,0,0.630071,1,1
2004,1730,64,20021229,2,0,0.381656,1,1
2004,1745,1,20021223,2,1,0.695382,1,1
2004,1745,2,20021217,2,1,0.691492,1,1
2004,1745,8,20021205,2,1,0.666967,1,1
2004,1745,8,20021212,2,1,0.666967,1,1
2004,1745,8,20021219,2,1,0.666967,1,1
2004,1745,16,20021227,2,1,0.673827,1,1
2004,1815,2,20021224,2,0,0.592472,1,1
2004,1815,4,20021211,2,0,0.757181,1,1
2004,1815,8,20021226,2,0,0.617808,1,1
2004,1815,16,20021206,2,0,0.626856,1,1
2004,1815,16,20021213,2,0,0.626856,1,1
2004,1815,16,20021220,2,0,0.626856,1,1
2004,1830,2,20021203,2,0,0.449263,1,1
2004,1830,2,20021210,2,0,0.449263,1,1
2004,1830,4,20021218,2,0,0.712506,1,1
2004,1830,4,20021225,2,0,0.712506,1,1
2004,1845,2,20021217,2,1,0.401347,1,1
2004,1845,16,20021206,2,1,0.455935,1,1
2004,1845,16,20021213,2,1,0.455935,1,1
2004,1845,16,20021220,2,1,0.455935,1,1
2004,1845,16,20021227,2,1,0.455935,1,1
2004,1900,1,20021202,2,0,0.442943,1,1
2004,1900,1,20021209,2,0,0.442943,1,1
2004,1900,1,20021216,2,0,0.442943,1,1
2004,1900,8,20021212,2,0,0.394675,1,1
2004,1900,8,20021219,2,0,0.394675,1,1
2004,1900,8,20021226,2,0,0.394675,1,1
2004,1930,16,20021206,2,0,0.333254,1,1
2004,1930,16,20021213,2,0,0.333254,1,1
2004,1930,16,20021220,2,0,0.333254,1,1
2004,1945,2,20021203,2,1,0.270806,1,1
2004,1945,2,20021210,2,1,0.270806,1,1
2004,1945,16,20021220,2,1,0.272913,1,1
2004,2030,2,20021217,2,0,0.210303,1,1
2004,2030,16,20021206,2,0,0.200849,1,1
2004,2045,16,20021213,2,1,0.216218,1,1
2004,2045,16,20021220,2,1,0.216218,1,1
2004,2130,16,20021206,2,0,0.204306,1,1
2004,2145,16,20021213,2,1,0.189829,1,1

68108.75
EOJ
