 Station 8 
QH  Jour 1       Jour 2       Jour 3       Jour 4       Jour 5       Jour 6       Jour 7
 1  0.003719564  0.003057229  0.002617403  0.004477185  0.004402047  0.008908090  0.006918533 
 2  0.004183410  0.002471263  0.003762236  0.004170828  0.004703917  0.007997204  0.005535267 
 3  0.004486599  0.003853650  0.005128786  0.003864032  0.003723347  0.006093078  0.006760692 
 4  0.004385682  0.003991695  0.004575374  0.003025555  0.002943731  0.008966951  0.005837048 
 5  0.004170300  0.003991695  0.003014205  0.004008500  0.004367734  0.004555929  0.007317184 
 6  0.003243665  0.003148643  0.002616963  0.003922013  0.004367734  0.003880309  0.007557905 
 7  0.004646816  0.004293476  0.003158145  0.003761796  0.003991695  0.005090337  0.007394609 
 8  0.003910575  0.004293476  0.003468109  0.004406182  0.002708817  0.004998483  0.006820785 
 9  0.002048593  0.003779832  0.002241364  0.003968996  0.003558643  0.004714738  0.006052430 
10  0.003443122  0.003917877  0.003615128  0.003968996  0.004383571  0.003482098  0.006541087 
11  0.004185257  0.003917877  0.004622884  0.004138275  0.005608029  0.003390244  0.008878352 
12  0.003939961  0.005065086  0.003732849  0.005209378  0.004725208  0.004535077  0.005253282 
13  0.005149198  0.004489414  0.004188073  0.005083563  0.004002077  0.003407401  0.005728917 
14  0.004498037  0.004934168  0.003997942  0.004845481  0.005180696  0.004973584  0.004220187 
15  0.005325604  0.004292421  0.004215084  0.004104313  0.002820467  0.003824704  0.003108347 
16  0.004622884  0.005864059  0.003679884  0.003640467  0.004186665  0.003386197  0.004889472 
17  0.003570345  0.005011065  0.004598865  0.005936029  0.007542772  0.004799818  0.004593498 
18  0.008864627  0.004211388  0.007335220  0.010378636  0.004533670  0.005983979  0.004593498 
19  0.009675829  0.004609775  0.005042387  0.002751225  0.005116116  0.011711753  0.005738331 
20  0.012523571  0.005857284  0.005841535  0.005692052  0.011085490  0.010592171  0.008687341 
21  0.011463289  0.011432671  0.009905024  0.007991661  0.009507958  0.009156554  0.007769240 
22  0.012464094  0.009699496  0.021321418  0.010388666  0.015299254  0.007038718  0.006612617 
23  0.022039271  0.015998806  0.020661459  0.009558020  0.020887047  0.010454741  0.010817231 
24  0.017484397  0.002731252  0.017255026  0.010987917  0.013828973  0.015540327  0.017609333 
25  0.017457738  0.004534549  0.008507240  0.012319626  0.012801333  0.031449655  0.024279051 
26  0.013121238  0.007716010  0.004279047  0.015599276  0.012361154  0.032841456  0.033113587 
27  0.015411169  0.005778451  0.010077119  0.015060733  0.008819316  0.036224486  0.038977734 
28  0.013212653  0.013911852  0.010655254  0.020934646  0.009394988  0.017894221  0.050329989 
29  0.022207142  0.017815477  0.012703232  0.020660139  0.013984350  0.017509824  0.020541890 
30  0.026972998  0.018298943  0.007122742  0.017899500  0.008400341  0.022246998  0.029691493 
31  0.027793087  0.017890526  0.013439384  0.017395007  0.009256854  0.017990387  0.035897278 
32  0.015000641  0.022236528  0.015879765  0.021566715  0.012408225  0.011111797  0.036837023 
33  0.022053172  0.014950314  0.012860809  0.018776690  0.012904097  0.023435559  0.018895818 
34  0.017843719  0.015059413  0.013824925  0.013206230  0.012288392  0.024987137  0.020285860 
35  0.020814549  0.024826392  0.012519963  0.007278559  0.014729213  0.038041684  0.039864249 
36  0.019307578  0.032226368  0.018254071  0.020762815  0.013580597  0.036231173  0.046546285 
37  0.019677282  0.010566919  0.013564056  0.013135843  0.014252082  0.030239891  0.043922108 
38  0.021550614  0.013566608  0.015856802  0.021917414  0.018779593  0.040947495  0.047716809 
39  0.020433055  0.027517612  0.029286244  0.028487272  0.033992096  0.041152759  0.058393971 
40  0.039765269  0.040844027  0.046305124  0.046712573  0.046079008  0.058401978  0.071919843 
41  0.047696221  0.054039699  0.040764314  0.061497039  0.048622945  0.068605880  0.080364879 
42  0.054367523  0.046628989  0.045943866  0.049733025  0.051508607  0.090115405  0.079401906 
43  0.053952332  0.065602496  0.061393483  0.051964095  0.065987861  0.086957084  0.103347062 
44  0.047181873  0.070002784  0.063948506  0.052943344  0.080112368  0.096754857  0.103401172 
45  0.050128948  0.070483786  0.067772506  0.068199399  0.080662877  0.079824928  0.080962547 
46  0.057242891  0.070272187  0.058483450  0.060596095  0.076561907  0.094476629  0.083896512 
47  0.059258491  0.065537917  0.055784135  0.051914648  0.070617696  0.071775815  0.090606526 
48  0.054230357  0.066233949  0.059053755  0.054736787  0.065519088  0.085742304  0.099847719 
49  0.059956811  0.063586369  0.059604879  0.055987727  0.058277658  0.132652575  0.099032470 
50  0.069530316  0.064356395  0.061325737  0.066866546  0.067395851  0.155885773  0.117090779 
51  0.068260195  0.063181911  0.061357674  0.059857038  0.068955436  0.164892316  0.132016810 
52  0.053510218  0.051065173  0.060248738  0.050512025  0.068955788  0.170622993  0.134103500 
53  0.053575677  0.046831789  0.068320199  0.046280665  0.075870714  0.157100992  0.127408971 
54  0.061357498  0.051024701  0.074517537  0.051059367  0.077697150  0.143714398  0.120905629 
55  0.066472383  0.054517182  0.072606021  0.053542683  0.069220000  0.082309917  0.115724405 
56  0.069386024  0.059473345  0.066262544  0.054062398  0.064701288  0.081361637  0.075200108 
57  0.068687088  0.062362527  0.067400602  0.053551042  0.060063974  0.082082569  0.062823557 
58  0.063652972  0.053063089  0.070531473  0.055572272  0.072512407  0.081269519  0.069274725 
59  0.079732722  0.054072428  0.090881912  0.062608439  0.074384859  0.086057107  0.086269410 
60  0.070607314  0.036538761  0.068517633  0.057189134  0.054703881  0.065747580  0.089418845 
61  0.063124986  0.051129225  0.064048455  0.060718303  0.052774153  0.085736322  0.114389969 
62  0.062742349  0.055512444  0.060343672  0.063879176  0.051165650  0.104519082  0.118994465 
63  0.062994068  0.057194853  0.070091734  0.073068635  0.056046940  0.108772086  0.111601176 
64  0.074856359  0.058952574  0.073376663  0.072585785  0.067041808  0.108073854  0.137202345 
65  0.069820923  0.061280777  0.075025198  0.070979658  0.065721009  0.104191962  0.133594167 
66  0.071610495  0.062857254  0.072795360  0.073467461  0.075824259  0.078821571  0.110319617 
67  0.042885933  0.056535949  0.050982118  0.040116144  0.045031748  0.045800190  0.091184221 
68  0.068891120  0.067779281  0.062216211  0.058572664  0.062097346  0.056380483  0.093727542 
69  0.098991294  0.106298184  0.084895997  0.089329630  0.096368260  0.075287475  0.078281884 
70  0.106381592  0.108054410  0.102320126  0.108714018  0.096395975  0.055735305  0.093836553 
71  0.149704448  0.146875622  0.133672120  0.125550597  0.123835987  0.097965502  0.145701667 
72  0.194139672  0.214922547  0.149517044  0.152277243  0.143083297  0.110544325  0.206123028 
73  0.201611618  0.215548105  0.152657505  0.145164444  0.143470861  0.101049829  0.256534400 
74  0.223435330  0.213794255  0.151827123  0.138244590  0.139435702  0.104688977  0.237661897 
75  0.211849745  0.219160858  0.155679277  0.141935912  0.142322069  0.111171379  0.227203373 
76  0.205495094  0.218586330  0.151604702  0.144151145  0.132523856  0.127569628  0.205832156 
77  0.186544198  0.208657726  0.157557008  0.145225944  0.138378324  0.129083461  0.224686975 
78  0.185479517  0.197457506  0.141823734  0.140895162  0.124632671  0.107694912  0.234287754 
79  0.159226747  0.145893030  0.125326504  0.106628999  0.132061154  0.108277007  0.224531245 
80  0.146011367  0.127226583  0.120085980  0.064887283  0.162213589  0.088510686  0.165948023 
81  0.133620650  0.148016936  0.106896643  0.054733444  0.162352602  0.083887010  0.098944311 
82  0.116950359  0.128927644  0.102525214  0.036568851  0.145334690  0.069594807  0.089425356 
83  0.104569672  0.123371789  0.091798342  0.035911971  0.147113440  0.076813010  0.087023335 
84  0.102738925  0.091841365  0.092891265  0.045531754  0.126511370  0.091777842  0.084849278 
85  0.096725999  0.094440556  0.082897818  0.045740450  0.082632462  0.091492513  0.078317693 
86  0.112412818  0.076655961  0.050317847  0.034398137  0.054817995  0.105998866  0.059505899 
87  0.081320109  0.070999806  0.027748040  0.015248136  0.047343586  0.100849932  0.046238257 
88  0.029410124  0.040231314  0.019934280  0.015728523  0.032014593  0.061554052  0.032363005 
89  0.012779161  0.015576137  0.012466118  0.011040267  0.017781779  0.037070353  0.025372766 
90  0.017241124  0.010060490  0.008996689  0.005626505  0.013657494  0.020104263  0.014505825 
91  0.004847769  0.004159566  0.006946864  0.008978213  0.012450633  0.015377119  0.009633333 
92  0.004521528  0.003193426  0.005481773  0.006780400  0.015946720  0.015237138  0.007572598 
93  0.007013115  0.004338260  0.005110221  0.009937930  0.012991112  0.013503700  0.006326057 
94  0.009468805  0.003762236  0.006752334  0.007157319  0.007628467  0.014430863  0.006200681 
95  0.007555178  0.004722833  0.007782701  0.006451432  0.010459844  0.014453035  0.005265775 
96  0.007180459  0.003762236  0.003866759  0.004059970  0.008349663  0.010467059  0.003537176 
