 Station 1 
QH  Jour 1       Jour 2       Jour 3       Jour 4       Jour 5       Jour 6       Jour 7
 1  0.023039636  0.031707005  0.015541031  0.018585327  0.036164306  0.045570555  0.062230464 
 2  0.018823672  0.020194798  0.014752617  0.016946294  0.023269447  0.031994973  0.058742647 
 3  0.015722980  0.020776188  0.015878534  0.013306266  0.021594341  0.029538491  0.046855545 
 4  0.019502900  0.027092215  0.015524579  0.020283132  0.027759653  0.035191919  0.037477010 
 5  0.018488722  0.020567581  0.016420948  0.022841147  0.024565963  0.029696420  0.048850205 
 6  0.015410377  0.023642847  0.024168896  0.018833263  0.027033443  0.027243194  0.055634124 
 7  0.013196640  0.015492905  0.032329308  0.011924935  0.020330907  0.032149647  0.069484477 
 8  0.014263608  0.020197525  0.030680421  0.010602201  0.018032091  0.024059094  0.066297033 
 9  0.017494603  0.015950328  0.020573828  0.013629603  0.028382132  0.025565008  0.066473615 
10  0.022044462  0.019593347  0.026360110  0.021374472  0.026276790  0.021379311  0.068433433 
11  0.024309493  0.022259492  0.027262902  0.026045219  0.022024929  0.021151347  0.061190067 
12  0.019589827  0.019449143  0.022831908  0.026078916  0.021404650  0.023160436  0.049983072 
13  0.015600068  0.020672633  0.019420900  0.021773914  0.020103559  0.019847617  0.034225515 
14  0.020844111  0.027943625  0.020751377  0.027951016  0.023309743  0.029414523  0.027156179 
15  0.036029780  0.035790378  0.026647902  0.041315527  0.030270157  0.046672100  0.031007101 
16  0.043535423  0.038513536  0.036747192  0.048141239  0.033648875  0.056777286  0.041882049 
17  0.055778768  0.055071738  0.027482683  0.044020737  0.037979656  0.046461118  0.061764067 
18  0.066944851  0.059045220  0.033364690  0.056993284  0.064953534  0.052991559  0.041180913 
19  0.072378761  0.071008516  0.061303037  0.068271545  0.081647581  0.063425096  0.067156890 
20  0.085868824  0.076819345  0.080953133  0.081372283  0.104904799  0.103561037  0.127608604 
21  0.101715508  0.085066772  0.086207294  0.090700931  0.097719325  0.106323435  0.213401235 
22  0.118338640  0.103944202  0.095585301  0.084089458  0.090885256  0.106258943  0.266559521 
23  0.094965110  0.096657284  0.124991818  0.072774068  0.076913223  0.129375652  0.228806773 
24  0.081352311  0.091412625  0.121396309  0.063280012  0.070406889  0.158419240  0.233380123 
25  0.106241259  0.107333830  0.144218980  0.069210146  0.072022783  0.217623621  0.258552903 
26  0.115541841  0.132049188  0.127954817  0.093521486  0.094577369  0.203485477  0.255266567 
27  0.120092403  0.139234486  0.139993690  0.118844982  0.110790238  0.196079518  0.282459435 
28  0.128341854  0.147112736  0.125754101  0.136320669  0.108584595  0.193015691  0.260168269 
29  0.153107362  0.147813168  0.132794315  0.158928133  0.146490433  0.214009549  0.239395776 
30  0.117298859  0.133516039  0.142344064  0.129182794  0.139415642  0.213965997  0.237174560 
31  0.092274153  0.108056170  0.163134506  0.124554191  0.124417729  0.237679846  0.228829824 
32  0.106614130  0.104308451  0.181351361  0.132054995  0.145120628  0.268867840  0.279036021 
33  0.094990713  0.088018597  0.196113392  0.134764428  0.144922843  0.256772834  0.318503644 
34  0.088625503  0.085273004  0.180925612  0.141606416  0.160934582  0.264049194  0.338335336 
35  0.113793621  0.098107242  0.183445881  0.162489944  0.180516403  0.242549786  0.353814075 
36  0.154842032  0.134723076  0.188475950  0.167664305  0.170517589  0.230165140  0.392233206 
37  0.254141618  0.221707434  0.241054605  0.259912679  0.206697556  0.352344233  0.477659476 
38  0.362038187  0.328687486  0.343341825  0.371573419  0.321620437  0.466738865  0.548656554 
39  0.407046179  0.345314929  0.386607757  0.402013910  0.363927091  0.491423517  0.630427928 
40  0.527241522  0.477301298  0.484429318  0.489432905  0.481416521  0.530833511  0.634657968 
41  0.650890193  0.621222807  0.623655182  0.627219720  0.595810977  0.619630229  0.710262622 
42  0.666173347  0.662247903  0.659209766  0.660197374  0.613225780  0.644699278  0.715992067 
43  0.656141539  0.628505766  0.661060310  0.639353087  0.579471853  0.640718757  0.686140709 
44  0.538762792  0.537597987  0.556739101  0.537560770  0.495044540  0.623391233  0.653122671 
45  0.456748058  0.411919551  0.440972288  0.470031889  0.401192238  0.516785373  0.634978666 
46  0.428399623  0.383721567  0.388358968  0.457235307  0.369409744  0.477200029  0.571547235 
47  0.409823183  0.385191584  0.369807515  0.429090113  0.356207913  0.433821744  0.524325770 
48  0.361300450  0.303740821  0.277551046  0.325815988  0.287239720  0.365829897  0.519408495 
49  0.345675131  0.308701471  0.285638696  0.286432741  0.278538918  0.359502344  0.483958610 
50  0.336697271  0.298886454  0.252137280  0.276139273  0.275755755  0.369695600  0.473588772 
51  0.311917157  0.270596967  0.244502390  0.259530745  0.270805223  0.335317435  0.463943034 
52  0.326093310  0.258672296  0.224122740  0.259577112  0.274109948  0.298027477  0.421318233 
53  0.342067042  0.277794846  0.211517962  0.279076405  0.287296469  0.304035035  0.320691690 
54  0.301996296  0.258790193  0.206210482  0.247318546  0.239099977  0.315472106  0.332747103 
55  0.277680029  0.236888880  0.199883986  0.226480242  0.228313541  0.263084373  0.372238218 
56  0.280023805  0.239606671  0.219077714  0.244558963  0.232576575  0.290308211  0.340850414 
57  0.292093560  0.263583412  0.256101524  0.277624600  0.254328406  0.332239706  0.346670570 
58  0.263593794  0.281735512  0.275886498  0.262820337  0.281414022  0.378347484  0.370751747 
59  0.234116891  0.228868713  0.259952007  0.256865480  0.224390912  0.388783045  0.394012044 
60  0.233016049  0.235185091  0.273874154  0.240602197  0.220449367  0.360105643  0.441565029 
61  0.259827599  0.241220717  0.281673044  0.249501401  0.242906205  0.392390871  0.517812749 
62  0.287124287  0.240356461  0.268823760  0.263548483  0.237111300  0.443819414  0.512854298 
63  0.365510431  0.267139592  0.333089797  0.316430591  0.305514556  0.470956852  0.587920145 
64  0.424966795  0.350150996  0.435326163  0.418738751  0.381105484  0.510767872  0.615171697 
65  0.510947269  0.430575440  0.532648510  0.489520712  0.455691472  0.587099440  0.649933027 
66  0.521934219  0.465294714  0.567186628  0.520216881  0.500074609  0.692656017  0.655552406 
67  0.546860208  0.502228782  0.589890521  0.541106568  0.538502450  0.688576778  0.676191869 
68  0.551766221  0.576237250  0.620428586  0.586804874  0.542855667  0.667840182  0.723133021 
69  0.713245153  0.717858887  0.736951875  0.685076732  0.675221506  0.740998648  0.848926011 
70  0.738288335  0.763860734  0.773933806  0.734603613  0.692089847  0.747967947  0.852784588 
71  0.748136963  0.792842822  0.777893827  0.725758430  0.719609395  0.721014481  0.856925062 
72  0.800592705  0.817534424  0.817375087  0.785624355  0.716688187  0.762067291  0.836514970 
73  0.812471362  0.821821654  0.797603839  0.790843763  0.745465187  0.818739702  0.827442088 
74  0.807161947  0.816306359  0.799580638  0.769049173  0.799273842  0.827611191  0.812761265 
75  0.805042615  0.831287292  0.775906998  0.752337705  0.758364180  0.812386106  0.821681497 
76  0.779065055  0.809099506  0.768223013  0.734112140  0.805954734  0.771822305  0.797634545 
77  0.773301649  0.820108011  0.758618363  0.744717860  0.791917506  0.742986709  0.800458268 
78  0.802463309  0.794007803  0.756823336  0.742045996  0.778103842  0.797594513  0.781412790 
79  0.666601031  0.740418313  0.754563320  0.627667465  0.769877707  0.755019423  0.694773588 
80  0.602940581  0.578445621  0.664752599  0.405160442  0.666221649  0.703873041  0.649906897 
81  0.526517775  0.466814619  0.607907039  0.384779033  0.643803876  0.649534289  0.500463142 
82  0.466483011  0.362632951  0.503067347  0.374930230  0.565474393  0.582074210  0.412057332 
83  0.387384470  0.278327759  0.405230916  0.359310366  0.523811862  0.572574699  0.314596060 
84  0.265826184  0.226295126  0.338369121  0.347553478  0.402338831  0.544701460  0.284524041 
85  0.207070867  0.196624308  0.285557576  0.338982362  0.310061775  0.400100371  0.289203410 
86  0.153275497  0.179332242  0.218483654  0.243708608  0.273144863  0.314914118  0.248890800 
87  0.110363433  0.165437018  0.165664454  0.190401015  0.232046742  0.281106522  0.186177045 
88  0.080089845  0.121478133  0.128334463  0.170099934  0.197121235  0.234988714  0.168681738 
89  0.077779854  0.121967318  0.081757736  0.126928585  0.162473227  0.200333050  0.096597104 
90  0.078065711  0.104526649  0.059433577  0.067722884  0.127908362  0.167145557  0.088771203 
91  0.064508429  0.069246659  0.057625265  0.077770352  0.112521741  0.155217983  0.081590657 
92  0.047966417  0.050675937  0.047813238  0.057140391  0.097483883  0.124324116  0.086489015 
93  0.044368973  0.037143907  0.034190322  0.045549351  0.080749276  0.123259347  0.064496112 
94  0.037238401  0.033163386  0.023332883  0.034438433  0.071793675  0.092304947  0.045450634 
95  0.042345367  0.026267992  0.025672348  0.046620015  0.059224969  0.070787327  0.033347622 
96  0.041232031  0.021580880  0.028111497  0.038390448  0.059606375  0.060696043  0.023221321 
