26789132 6422
   21119923.
  199662080.
   21119923.
  20 100. 100. 100. 100. 100. 100. 100. 100. 100. 100. 100. 100. 100. 100. 100. 100. 100. 100. 100. 100.
  7.48 78.84
  6.69 71.35
  6.44 64.67
  6.11 58.23
  5.58 52.11
  5.02 46.53
  4.54 41.50
  4.11 36.96
  3.70 32.85
  3.37 29.16
  2.88 25.78
  2.52 22.91
  2.22 20.39
  1.95 18.17
  1.73 16.22
  1.55 14.49
  1.40 12.94
  1.27 11.54
  1.14 10.27
  9.13  9.13
    26789132
   745.31
    78.84
           0
     0.00
     0.00
     1155447
   552.48
    68.31
     2068432
   705.13
    77.86
     1724039
   524.41
    76.67
     2173098
   353.89
    64.82
     4719205
   491.30
    68.54
     3970728
   656.58
    79.11
     3645020
   850.45
    86.94
     3289514
   999.38
    86.92
     4043649
  1207.61
    88.68
     2928526
   514.84
    74.59
    12394505
   693.17
    78.75
     9241905
   864.68
    81.62
     2224196
   843.28
    73.38
     3223879
   650.42
    74.44
     5786115
  1052.71
    86.25
     8456922
   708.04
    78.93
     7548820
   626.78
    75.39
     1773396
   597.10
    76.88
     8987040
   794.78
    78.45
    11692200
   773.93
    80.35
     1814004
   602.97
    75.02
     4295888
   624.04
    77.15
     7012909
   612.37
    76.63
     4910328
   680.45
    76.77
     5134969
   842.24
    81.29
     6589152
   812.34
    78.53
     3141774
   844.42
    83.63
    17418399
   759.27
    77.53
      860537
   774.33
    88.37
     7256794
   731.73
    80.54
     1253402
   609.94
    80.68
     1000269
   687.53
    75.73
     5299517
   908.41
    80.84
    15702277
   698.92
    78.80
     4787069
   728.99
    77.39
     2072087
   607.33
    73.68
      761046
   785.15
    81.60
     4179776
   583.41
    77.19
      425362
   452.77
    59.48
     2086059
   700.46
    81.07
      555783
   600.77
    77.19
     1843124
   734.36
    75.78
      681563
   964.35
    85.05
     1641417
   790.04
    82.96
      398809
  1217.78
    90.90
     2413180
   781.20
    77.49
     2677132
   725.43
    75.89
      748806
   819.44
    80.80
     1900116
   878.42
    83.16
      286218
   777.54
    63.83
      976880
   926.76
    79.33
     2359690
   830.02
    82.88
      782084
   887.87
    85.90
           0
     0.00
     0.00
       16335
   722.11
    99.78
       90421
   655.07
    73.07
      968494
   595.71
    76.91
           0
     0.00
     0.00
      108986
   900.04
    88.89
      703439
   675.64
    82.54
     3532781
   561.03
    77.11
       77470
   626.50
    88.69
      873994
  1030.96
    85.15
     2304605
   687.99
    78.67
     4220052
   646.74
    75.26
      696809
  1118.68
    85.51
     3743769
  1121.39
    86.63
     3570833
   767.79
    80.36
     2066952
   622.70
    74.10
      590313
   669.27
    76.09
     3223879
   650.42
    74.44
     1995929
   463.64
    71.97
      802772
   397.42
    64.28
     3428305
   535.51
    69.14
     3082244
   640.61
    78.34
     1151040
   737.22
    78.40
     2007270
   615.29
    79.13
     2449462
   796.71
    83.93
           0
     0.00
     0.00
           0
     0.00
     0.00
           0
     0.00
     0.00
           0
     0.00
     0.00
      458367
   746.02
    85.06
     7677811
  1053.72
    86.68
           0
     0.00
     0.00
           0
     0.00
     0.00
           0
     0.00
     0.00
      512053
   677.89
    76.36
     3223879
   650.42
    74.44
 ^
