CTRL02111817561556
TOMEVAL
27,CIM
2,12-44 ans

2
-1
5
1
0
0

3,12,0
SOURCE\SBL06\JFC_S102
4666722
3222
10
1,2,10,11,12,20,21,22,23,24
2725838,1940884,480577,561603,311564,512817,619104,397529,374947,744954

1,1345,31,20021118,2,1,0.264261,2,1,0,0,0,1
1,1345,31,20021119,2,1,0.264261,2,1,0,0,0,1
2,1430,31,20021118,2,0,0.917211,2,0,1,0,0,1
2,1430,31,20021119,2,0,0.917211,2,0,1,0,0,1
4,1445,31,20021118,2,1,0.914944,2,0,0,1,0,1
4,1445,31,20021119,2,1,0.914944,2,0,0,1,0,1
5,1500,31,20021118,2,0,0.199085,2,0,0,0,1,1
5,1500,31,20021119,2,0,0.199085,2,0,0,0,1,1

257.81,257.81,257.81,257.81,1031.24
EOJ
